21.44
19.12
16.28
23.52
35.28
76.79
232.82
376.9
236.94
126.58
55.5
27.99
21.44
19.12
16.28
23.52
35.28
76.79
232.82
376.9
236.94
126.58
55.5
27.99
21.44
19.12
16.28
23.52
35.28
76.79
232.82
376.9
236.94
126.58
55.5
27.99
21.44
19.12
16.28
23.52
35.28
76.79
232.82
376.9
236.94
126.58
55.5
27.99
21.44
19.12
16.28
23.52
35.28
76.79
232.82
376.9
236.94
126.58
55.5
27.99
21.44
19.12
16.28
23.52
35.28
76.79
232.82
376.9
236.94
126.58
55.5
27.99
21.44
19.12
16.28
23.52
35.28
76.79
232.82
376.9
236.94
126.58
55.5
27.99
21.44
19.12
16.28
23.52
35.28
76.79
232.82
376.9
236.94
126.58
55.5
27.99
21.44
19.12
16.28
23.52
35.28
76.79
232.82
376.9
236.94
126.58
55.5
27.99
21.44
19.12
16.28
23.52
35.28
76.79
232.82
376.9
236.94
126.58
55.5
27.99
21.44
19.12
16.28
23.52
35.28
76.79
232.82
376.9
236.94
126.58
55.5
27.99
21.44
19.12
16.28
23.52
35.28
76.79
232.82
376.9
236.94
126.58
55.5
27.99
