400.0
26.5
450.0
32.59
48.89
106.43
322.68
522.68
328.39
175.44
76.92
38.79
400.0
26.5
450.0
32.59
48.89
106.43
322.68
522.68
328.39
175.44
76.92
38.79
400.0
26.5
450.0
32.59
48.89
106.43
322.68
522.68
328.39
175.44
76.92
38.79
400.0
26.5
450.0
32.59
48.89
106.43
322.68
522.68
328.39
175.44
76.92
38.79
400.0
26.5
450.0
32.59
48.89
106.43
322.68
522.68
328.39
175.44
76.92
38.79
400.0
26.5
450.0
32.59
48.89
106.43
322.68
522.68
328.39
175.44
76.92
38.79
400.0
26.5
450.0
32.59
48.89
106.43
322.68
522.68
328.39
175.44
76.92
38.79
400.0
26.5
450.0
32.59
48.89
106.43
322.68
522.68
328.39
175.44
76.92
38.79
400.0
26.5
450.0
32.59
48.89
106.43
322.68
522.68
328.39
175.44
76.92
38.79
400.0
26.5
450.0
32.59
48.89
106.43
322.68
522.68
328.39
175.44
76.92
38.79
400.0
26.5
450.0
32.59
48.89
106.43
322.68
522.68
328.39
175.44
76.92
38.79
400.0
26.5
450.0
32.59
48.89
106.43
322.68
522.68
328.39
175.44
76.92
38.79
