19500.0
19500.0
19500.0
19500.0
19500.0
19500.0
21400.0
21400.0
21400.0
21400.0
21400.0
21400.0
25900.0
25900.0
25900.0
25900.0
25900.0
25900.0
28600.0
28600.0
28600.0
28600.0
28600.0
28600.0
27200.0
27200.0
27200.0
27200.0
27200.0
27200.0
27000.0
27000.0
27000.0
27000.0
27000.0
27000.0
31500.0
31500.0
31500.0
31500.0
31500.0
31500.0
39800.0
39800.0
39800.0
39800.0
39800.0
39800.0
69600.0
69600.0
69600.0
69600.0
69600.0
69600.0
81900.0
81900.0
81900.0
81900.0
81900.0
81900.0
64900.0
64900.0
64900.0
64900.0
64900.0
64900.0
51300.0
51300.0
51300.0
51300.0
51300.0
51300.0
42100.0
42100.0
42100.0
42100.0
42100.0
42100.0
36500.0
36500.0
36500.0
36500.0
36500.0
36500.0
31900.0
31900.0
31900.0
31900.0
31900.0
31900.0
28600.0
28600.0
28600.0
28600.0
28600.0
28600.0
28400.0
28400.0
28400.0
28400.0
28400.0
28400.0
41700.0
41700.0
41700.0
41700.0
41700.0
41700.0
49800.0
49800.0
49800.0
49800.0
49800.0
49800.0
54500.0
54500.0
54500.0
54500.0
54500.0
54500.0
58400.0
58400.0
58400.0
58400.0
58400.0
58400.0
51000.0
51000.0
51000.0
51000.0
51000.0
51000.0
44200.0
44200.0
44200.0
44200.0
44200.0
44200.0
45700.0
45700.0
45700.0
45700.0
45700.0
45700.0
59400.0
59400.0
59400.0
59400.0
59400.0
59400.0
70300.0
70300.0
70300.0
70300.0
70300.0
70300.0
63600.0
63600.0
63600.0
63600.0
63600.0
63600.0
53600.0
53600.0
53600.0
53600.0
53600.0
53600.0
47900.0
47900.0
47900.0
47900.0
47900.0
47900.0
44500.0
44500.0
44500.0
44500.0
44500.0
44500.0
45700.0
45700.0
45700.0
45700.0
45700.0
45700.0
55400.0
55400.0
55400.0
55400.0
55400.0
55400.0
60000.0
60000.0
60000.0
60000.0
60000.0
60000.0
55500.0
55500.0
55500.0
55500.0
55500.0
55500.0
47700.0
47700.0
47700.0
47700.0
47700.0
47700.0
44900.0
44900.0
44900.0
44900.0
44900.0
44900.0
44100.0
44100.0
44100.0
44100.0
44100.0
44100.0
44300.0
44300.0
44300.0
44300.0
44300.0
44300.0
40200.0
40200.0
40200.0
40200.0
40200.0
40200.0
35900.0
35900.0
35900.0
35900.0
35900.0
35900.0
34200.0
34200.0
34200.0
34200.0
34200.0
34200.0
33500.0
33500.0
33500.0
33500.0
33500.0
33500.0
37100.0
37100.0
37100.0
37100.0
37100.0
37100.0
73100.0
73100.0
73100.0
73100.0
73100.0
73100.0
82500.0
82500.0
82500.0
82500.0
82500.0
82500.0
78100.0
78100.0
78100.0
78100.0
78100.0
78100.0
67900.0
67900.0
67900.0
67900.0
67900.0
67900.0
55000.0
55000.0
55000.0
55000.0
55000.0
55000.0
44700.0
44700.0
44700.0
44700.0
44700.0
44700.0
38300.0
38300.0
38300.0
38300.0
38300.0
38300.0
34100.0
34100.0
34100.0
34100.0
34100.0
34100.0
30900.0
30900.0
30900.0
30900.0
30900.0
30900.0
28100.0
28100.0
28100.0
28100.0
28100.0
28100.0
24600.0
24600.0
24600.0
24600.0
24600.0
24600.0
22900.0
22900.0
22900.0
22900.0
22900.0
22900.0
20900.0
20900.0
20900.0
20900.0
20900.0
20900.0
19600.0
19600.0
19600.0
19600.0
19600.0
19600.0
18400.0
18400.0
18400.0
18400.0
18400.0
18400.0
18100.0
18100.0
18100.0
18100.0
18100.0
18100.0
18400.0
18400.0
18400.0
18400.0
18400.0
18400.0
19300.0
19300.0
19300.0
19300.0
19300.0
19300.0
19300.0
19300.0
19300.0
19300.0
19300.0
19300.0
18800.0
18800.0
18800.0
18800.0
18800.0
18800.0
18800.0
18800.0
18800.0
18800.0
18800.0
18800.0
18300.0
18300.0
18300.0
18300.0
18300.0
18300.0
17500.0
17500.0
17500.0
17500.0
17500.0
17500.0
15900.0
15900.0
15900.0
15900.0
15900.0
15900.0
14600.0
14600.0
14600.0
14600.0
14600.0
14600.0
13700.0
13700.0
13700.0
13700.0
13700.0
13700.0
13400.0
13400.0
13400.0
13400.0
13400.0
13400.0
13300.0
13300.0
13300.0
13300.0
13300.0
13300.0
13300.0
13300.0
13300.0
13300.0
13300.0
13300.0
13500.0
13500.0
13500.0
13500.0
13500.0
13500.0
13600.0
13600.0
13600.0
13600.0
13600.0
13600.0
13700.0
13700.0
13700.0
13700.0
13700.0
13700.0
14400.0
14400.0
14400.0
14400.0
14400.0
14400.0
16100.0
16100.0
16100.0
16100.0
16100.0
16100.0
17700.0
17700.0
17700.0
17700.0
17700.0
17700.0
19700.0
19700.0
19700.0
19700.0
19700.0
19700.0
24000.0
24000.0
24000.0
24000.0
24000.0
24000.0
30300.0
30300.0
30300.0
30300.0
30300.0
30300.0
32300.0
32300.0
32300.0
32300.0
32300.0
32300.0
39000.0
39000.0
39000.0
39000.0
39000.0
39000.0
41000.0
41000.0
41000.0
41000.0
41000.0
41000.0
43000.0
43000.0
43000.0
43000.0
43000.0
43000.0
45500.0
45500.0
45500.0
45500.0
45500.0
45500.0
45700.0
45700.0
45700.0
45700.0
45700.0
45700.0
70800.0
70800.0
70800.0
70800.0
70800.0
70800.0
100000.0
100000.0
100000.0
100000.0
100000.0
100000.0
101000.0
101000.0
101000.0
101000.0
101000.0
101000.0
100000.0
100000.0
100000.0
100000.0
100000.0
100000.0
148000.0
148000.0
148000.0
148000.0
148000.0
148000.0
244000.0
244000.0
244000.0
244000.0
244000.0
244000.0
234000.0
234000.0
234000.0
234000.0
234000.0
234000.0
197000.0
197000.0
197000.0
197000.0
197000.0
197000.0
173000.0
173000.0
173000.0
173000.0
173000.0
173000.0
138000.0
138000.0
138000.0
138000.0
138000.0
138000.0
111000.0
111000.0
111000.0
111000.0
111000.0
111000.0
92200.0
92200.0
92200.0
92200.0
92200.0
92200.0
80800.0
80800.0
80800.0
80800.0
80800.0
80800.0
76500.0
76500.0
76500.0
76500.0
76500.0
76500.0
84400.0
84400.0
84400.0
84400.0
84400.0
84400.0
96100.0
96100.0
96100.0
96100.0
96100.0
96100.0
109000.0
109000.0
109000.0
109000.0
109000.0
109000.0
111000.0
111000.0
111000.0
111000.0
111000.0
111000.0
98300.0
98300.0
98300.0
98300.0
98300.0
98300.0
83700.0
83700.0
83700.0
83700.0
83700.0
83700.0
72500.0
72500.0
72500.0
72500.0
72500.0
72500.0
63300.0
63300.0
63300.0
63300.0
63300.0
63300.0
55600.0
55600.0
55600.0
55600.0
55600.0
55600.0
48700.0
48700.0
48700.0
48700.0
48700.0
48700.0
43200.0
43200.0
43200.0
43200.0
43200.0
43200.0
39100.0
39100.0
39100.0
39100.0
39100.0
39100.0
35500.0
35500.0
35500.0
35500.0
35500.0
35500.0
32800.0
32800.0
32800.0
32800.0
32800.0
32800.0
30500.0
30500.0
30500.0
30500.0
30500.0
30500.0
28600.0
28600.0
28600.0
28600.0
28600.0
28600.0
26900.0
26900.0
26900.0
26900.0
26900.0
26900.0
25400.0
25400.0
25400.0
25400.0
25400.0
25400.0
24500.0
24500.0
24500.0
24500.0
24500.0
24500.0
23000.0
23000.0
23000.0
23000.0
23000.0
23000.0
25200.0
25200.0
25200.0
25200.0
25200.0
25200.0
29100.0
29100.0
29100.0
29100.0
29100.0
29100.0
27700.0
27700.0
27700.0
27700.0
27700.0
27700.0
26900.0
26900.0
26900.0
26900.0
26900.0
26900.0
25000.0
25000.0
25000.0
25000.0
25000.0
25000.0
25000.0
25000.0
25000.0
25000.0
25000.0
25000.0
23900.0
23900.0
23900.0
23900.0
23900.0
23900.0
23100.0
23100.0
23100.0
23100.0
23100.0
23100.0
23800.0
23800.0
23800.0
23800.0
23800.0
23800.0
48600.0
48600.0
48600.0
48600.0
48600.0
48600.0
106000.0
106000.0
106000.0
106000.0
106000.0
106000.0
138000.0
138000.0
138000.0
138000.0
138000.0
138000.0
160000.0
160000.0
160000.0
160000.0
160000.0
160000.0
132000.0
132000.0
132000.0
132000.0
132000.0
132000.0
100000.0
100000.0
100000.0
100000.0
100000.0
100000.0
80300.0
80300.0
80300.0
80300.0
80300.0
80300.0
67000.0
67000.0
67000.0
67000.0
67000.0
67000.0
57400.0
57400.0
57400.0
57400.0
57400.0
57400.0
48100.0
48100.0
48100.0
48100.0
48100.0
48100.0
40900.0
40900.0
40900.0
40900.0
40900.0
40900.0
35600.0
35600.0
35600.0
35600.0
35600.0
35600.0
31600.0
31600.0
31600.0
31600.0
31600.0
31600.0
28200.0
28200.0
28200.0
28200.0
28200.0
28200.0
25600.0
25600.0
25600.0
25600.0
25600.0
25600.0
23300.0
23300.0
23300.0
23300.0
23300.0
23300.0
21300.0
21300.0
21300.0
21300.0
21300.0
21300.0
19700.0
19700.0
19700.0
19700.0
19700.0
19700.0
18600.0
18600.0
18600.0
18600.0
18600.0
18600.0
18100.0
18100.0
18100.0
18100.0
18100.0
18100.0
18600.0
18600.0
18600.0
18600.0
18600.0
18600.0
18100.0
18100.0
18100.0
18100.0
18100.0
18100.0
16900.0
16900.0
16900.0
16900.0
16900.0
16900.0
15800.0
15800.0
15800.0
15800.0
15800.0
15800.0
15000.0
15000.0
15000.0
15000.0
15000.0
15000.0
14500.0
14500.0
14500.0
14500.0
14500.0
14500.0
14100.0
14100.0
14100.0
14100.0
14100.0
14100.0
14200.0
14200.0
14200.0
14200.0
14200.0
14200.0
14300.0
14300.0
14300.0
14300.0
14300.0
14300.0
13500.0
13500.0
13500.0
13500.0
13500.0
13500.0
11400.0
11400.0
11400.0
11400.0
11400.0
11400.0
11100.0
11100.0
11100.0
11100.0
11100.0
11100.0
11000.0
11000.0
11000.0
11000.0
11000.0
11000.0
10700.0
10700.0
10700.0
10700.0
10700.0
10700.0
10800.0
10800.0
10800.0
10800.0
10800.0
10800.0
10200.0
10200.0
10200.0
10200.0
10200.0
10200.0
10700.0
10700.0
10700.0
10700.0
10700.0
10700.0
11700.0
11700.0
11700.0
11700.0
11700.0
11700.0
11600.0
11600.0
11600.0
11600.0
11600.0
11600.0
10500.0
10500.0
10500.0
10500.0
10500.0
10500.0
12700.0
12700.0
12700.0
12700.0
12700.0
12700.0
14000.0
14000.0
14000.0
14000.0
14000.0
14000.0
14900.0
14900.0
14900.0
14900.0
14900.0
14900.0
13900.0
13900.0
13900.0
13900.0
13900.0
13900.0
12500.0
12500.0
12500.0
12500.0
12500.0
12500.0
11300.0
11300.0
11300.0
11300.0
11300.0
11300.0
9700.0
9700.0
9700.0
9700.0
9700.0
9700.0
9950.0
9950.0
9950.0
9950.0
9950.0
9950.0
10700.0
10700.0
10700.0
10700.0
10700.0
10700.0
11800.0
11800.0
11800.0
11800.0
11800.0
11800.0
12700.0
12700.0
12700.0
12700.0
12700.0
12700.0
12800.0
12800.0
12800.0
12800.0
12800.0
12800.0
10600.0
10600.0
10600.0
10600.0
10600.0
10600.0
10700.0
10700.0
10700.0
10700.0
10700.0
10700.0
10000.0
10000.0
10000.0
10000.0
10000.0
10000.0
9920.0
9920.0
9920.0
9920.0
9920.0
9920.0
10600.0
10600.0
10600.0
10600.0
10600.0
10600.0
12100.0
12100.0
12100.0
12100.0
12100.0
12100.0
15800.0
15800.0
15800.0
15800.0
15800.0
15800.0
18000.0
18000.0
18000.0
18000.0
18000.0
18000.0
16700.0
16700.0
16700.0
16700.0
16700.0
16700.0
15000.0
15000.0
15000.0
15000.0
15000.0
15000.0
14500.0
14500.0
14500.0
14500.0
14500.0
14500.0
13100.0
13100.0
13100.0
13100.0
13100.0
13100.0
12500.0
12500.0
12500.0
12500.0
12500.0
12500.0
12500.0
12500.0
12500.0
12500.0
12500.0
12500.0
11000.0
11000.0
11000.0
11000.0
11000.0
11000.0
9670.0
9670.0
9670.0
9670.0
9670.0
9670.0
8550.0
8550.0
8550.0
8550.0
8550.0
8550.0
7820.0
7820.0
7820.0
7820.0
7820.0
7820.0
7430.0
7430.0
7430.0
7430.0
7430.0
7430.0
6700.0
6700.0
6700.0
6700.0
6700.0
6700.0
6970.0
6970.0
6970.0
6970.0
6970.0
6970.0
7120.0
7120.0
7120.0
7120.0
7120.0
7120.0
7130.0
7130.0
7130.0
7130.0
7130.0
7130.0
7780.0
7780.0
7780.0
7780.0
7780.0
7780.0
6880.0
6880.0
6880.0
6880.0
6880.0
6880.0
6420.0
6420.0
6420.0
6420.0
6420.0
6420.0
6940.0
6940.0
6940.0
6940.0
6940.0
6940.0
6070.0
6070.0
6070.0
6070.0
6070.0
6070.0
6340.0
6340.0
6340.0
6340.0
6340.0
6340.0
5880.0
5880.0
5880.0
5880.0
5880.0
5880.0
5370.0
5370.0
5370.0
5370.0
5370.0
5370.0
5210.0
5210.0
5210.0
5210.0
5210.0
5210.0
5360.0
5360.0
5360.0
5360.0
5360.0
5360.0
5130.0
5130.0
5130.0
5130.0
5130.0
5130.0
6670.0
6670.0
6670.0
6670.0
6670.0
6670.0
6460.0
6460.0
6460.0
6460.0
6460.0
6460.0
6080.0
6080.0
6080.0
6080.0
6080.0
6080.0
5590.0
5590.0
5590.0
5590.0
5590.0
5590.0
5830.0
5830.0
5830.0
5830.0
5830.0
5830.0
4800.0
4800.0
4800.0
4800.0
4800.0
4800.0
4610.0
4610.0
4610.0
4610.0
4610.0
4610.0
5130.0
5130.0
5130.0
5130.0
5130.0
5130.0
5230.0
5230.0
5230.0
5230.0
5230.0
5230.0
4730.0
4730.0
4730.0
4730.0
4730.0
4730.0
4440.0
4440.0
4440.0
4440.0
4440.0
4440.0
4740.0
4740.0
4740.0
4740.0
4740.0
4740.0
4270.0
4270.0
4270.0
4270.0
4270.0
4270.0
3930.0
3930.0
3930.0
3930.0
3930.0
3930.0
3950.0
3950.0
3950.0
3950.0
3950.0
3950.0
4120.0
4120.0
4120.0
4120.0
4120.0
4120.0
3740.0
3740.0
3740.0
3740.0
3740.0
3740.0
3930.0
3930.0
3930.0
3930.0
3930.0
3930.0
4250.0
4250.0
4250.0
4250.0
4250.0
4250.0
3810.0
3810.0
3810.0
3810.0
3810.0
3810.0
4120.0
4120.0
4120.0
4120.0
4120.0
4120.0
3950.0
3950.0
3950.0
3950.0
3950.0
3950.0
4900.0
4900.0
4900.0
4900.0
4900.0
4900.0
5790.0
5790.0
5790.0
5790.0
5790.0
5790.0
5260.0
5260.0
5260.0
5260.0
5260.0
5260.0
4160.0
4160.0
4160.0
4160.0
4160.0
4160.0
4360.0
4360.0
4360.0
4360.0
4360.0
4360.0
3940.0
3940.0
3940.0
3940.0
3940.0
3940.0
4080.0
4080.0
4080.0
4080.0
4080.0
4080.0
3770.0
3770.0
3770.0
3770.0
3770.0
3770.0
3910.0
3910.0
3910.0
3910.0
3910.0
3910.0
3040.0
3040.0
3040.0
3040.0
3040.0
3040.0
3900.0
3900.0
3900.0
3900.0
3900.0
3900.0
3910.0
3910.0
3910.0
3910.0
3910.0
3910.0
4400.0
4400.0
4400.0
4400.0
4400.0
4400.0
3360.0
3360.0
3360.0
3360.0
3360.0
3360.0
2730.0
2730.0
2730.0
2730.0
2730.0
2730.0
2530.0
2530.0
2530.0
2530.0
2530.0
2530.0
3240.0
3240.0
3240.0
3240.0
3240.0
3240.0
3070.0
3070.0
3070.0
3070.0
3070.0
3070.0
2670.0
2670.0
2670.0
2670.0
2670.0
2670.0
2570.0
2570.0
2570.0
2570.0
2570.0
2570.0
2430.0
2430.0
2430.0
2430.0
2430.0
2430.0
2170.0
2170.0
2170.0
2170.0
2170.0
2170.0
2170.0
2170.0
2170.0
2170.0
2170.0
2170.0
2130.0
2130.0
2130.0
2130.0
2130.0
2130.0
1580.0
1580.0
1580.0
1580.0
1580.0
1580.0
2010.0
2010.0
2010.0
2010.0
2010.0
2010.0
2070.0
2070.0
2070.0
2070.0
2070.0
2070.0
2290.0
2290.0
2290.0
2290.0
2290.0
2290.0
2610.0
2610.0
2610.0
2610.0
2610.0
2610.0
1560.0
1560.0
1560.0
1560.0
1560.0
1560.0
2140.0
2140.0
2140.0
2140.0
2140.0
2140.0
1380.0
1380.0
1380.0
1380.0
1380.0
1380.0
1410.0
1410.0
1410.0
1410.0
1410.0
1410.0
2140.0
2140.0
2140.0
2140.0
2140.0
2140.0
2060.0
2060.0
2060.0
2060.0
2060.0
2060.0
1710.0
1710.0
1710.0
1710.0
1710.0
1710.0
1890.0
1890.0
1890.0
1890.0
1890.0
1890.0
1450.0
1450.0
1450.0
1450.0
1450.0
1450.0
2220.0
2220.0
2220.0
2220.0
2220.0
2220.0
2000.0
2000.0
2000.0
2000.0
2000.0
2000.0
2700.0
2700.0
2700.0
2700.0
2700.0
2700.0
9500.0
9500.0
9500.0
9500.0
9500.0
9500.0
22900.0
22900.0
22900.0
22900.0
22900.0
22900.0
51600.0
51600.0
51600.0
51600.0
51600.0
51600.0
63900.0
63900.0
63900.0
63900.0
63900.0
63900.0
54500.0
54500.0
54500.0
54500.0
54500.0
54500.0
44600.0
44600.0
44600.0
44600.0
44600.0
44600.0
33500.0
33500.0
33500.0
33500.0
33500.0
33500.0
24200.0
24200.0
24200.0
24200.0
24200.0
24200.0
18800.0
18800.0
18800.0
18800.0
18800.0
18800.0
15300.0
15300.0
15300.0
15300.0
15300.0
15300.0
13500.0
13500.0
13500.0
13500.0
13500.0
13500.0
12900.0
12900.0
12900.0
12900.0
12900.0
12900.0
23100.0
23100.0
23100.0
23100.0
23100.0
23100.0
50600.0
50600.0
50600.0
50600.0
50600.0
50600.0
31500.0
31500.0
31500.0
31500.0
31500.0
31500.0
25000.0
25000.0
25000.0
25000.0
25000.0
25000.0
22600.0
22600.0
22600.0
22600.0
22600.0
22600.0
20200.0
20200.0
20200.0
20200.0
20200.0
20200.0
18800.0
18800.0
18800.0
18800.0
18800.0
18800.0
17000.0
17000.0
17000.0
17000.0
17000.0
17000.0
15600.0
15600.0
15600.0
15600.0
15600.0
15600.0
15000.0
15000.0
15000.0
15000.0
15000.0
15000.0
16400.0
16400.0
16400.0
16400.0
16400.0
16400.0
17000.0
17000.0
17000.0
17000.0
17000.0
17000.0
16700.0
16700.0
16700.0
16700.0
16700.0
16700.0
16700.0
16700.0
16700.0
16700.0
16700.0
16700.0
26200.0
26200.0
26200.0
26200.0
26200.0
26200.0
47000.0
47000.0
47000.0
47000.0
47000.0
47000.0
44600.0
44600.0
44600.0
44600.0
44600.0
44600.0
42200.0
42200.0
42200.0
42200.0
42200.0
42200.0
39900.0
39900.0
39900.0
39900.0
39900.0
39900.0
36600.0
36600.0
36600.0
36600.0
36600.0
36600.0
34500.0
34500.0
34500.0
34500.0
34500.0
34500.0
30500.0
30500.0
30500.0
30500.0
30500.0
30500.0
26800.0
26800.0
26800.0
26800.0
26800.0
26800.0
43400.0
43400.0
43400.0
43400.0
43400.0
43400.0
65300.0
65300.0
65300.0
65300.0
65300.0
65300.0
83600.0
83600.0
83600.0
83600.0
83600.0
83600.0
92100.0
92100.0
92100.0
92100.0
92100.0
92100.0
74100.0
74100.0
74100.0
74100.0
74100.0
74100.0
58400.0
58400.0
58400.0
58400.0
58400.0
58400.0
48200.0
48200.0
48200.0
48200.0
48200.0
48200.0
41000.0
41000.0
41000.0
41000.0
41000.0
41000.0
36600.0
36600.0
36600.0
36600.0
36600.0
36600.0
40600.0
40600.0
40600.0
40600.0
40600.0
40600.0
69800.0
69800.0
69800.0
69800.0
69800.0
69800.0
105000.0
105000.0
105000.0
105000.0
105000.0
105000.0
107000.0
107000.0
107000.0
107000.0
107000.0
107000.0
90400.0
90400.0
90400.0
90400.0
90400.0
90400.0
72600.0
72600.0
72600.0
72600.0
72600.0
72600.0
58400.0
58400.0
58400.0
58400.0
58400.0
58400.0
49400.0
49400.0
49400.0
49400.0
49400.0
49400.0
42200.0
42200.0
42200.0
42200.0
42200.0
42200.0
36600.0
36600.0
36600.0
36600.0
36600.0
36600.0
31500.0
31500.0
31500.0
31500.0
31500.0
31500.0
27700.0
27700.0
27700.0
27700.0
27700.0
27700.0
24200.0
24200.0
24200.0
24200.0
24200.0
24200.0
23400.0
23400.0
23400.0
23400.0
23400.0
23400.0
21800.0
21800.0
21800.0
21800.0
21800.0
21800.0
21000.0
21000.0
21000.0
21000.0
21000.0
21000.0
20200.0
20200.0
20200.0
20200.0
20200.0
20200.0
19500.0
19500.0
19500.0
19500.0
19500.0
19500.0
19500.0
19500.0
19500.0
19500.0
19500.0
19500.0
18100.0
18100.0
18100.0
18100.0
18100.0
18100.0
17400.0
17400.0
17400.0
17400.0
17400.0
17400.0
17000.0
17000.0
17000.0
17000.0
17000.0
17000.0
15600.0
15600.0
15600.0
15600.0
15600.0
15600.0
15300.0
15300.0
15300.0
15300.0
15300.0
15300.0
15000.0
15000.0
15000.0
15000.0
15000.0
15000.0
14400.0
14400.0
14400.0
14400.0
14400.0
14400.0
11500.0
11500.0
11500.0
11500.0
11500.0
11500.0
8500.0
8500.0
8500.0
8500.0
8500.0
8500.0
6500.0
6500.0
6500.0
6500.0
6500.0
6500.0
6000.0
6000.0
6000.0
6000.0
6000.0
6000.0
6000.0
6000.0
6000.0
6000.0
6000.0
6000.0
6000.0
6000.0
6000.0
6000.0
6000.0
6000.0
6500.0
6500.0
6500.0
6500.0
6500.0
6500.0
8500.0
8500.0
8500.0
8500.0
8500.0
8500.0
10500.0
10500.0
10500.0
10500.0
10500.0
10500.0
13000.0
13000.0
13000.0
13000.0
13000.0
13000.0
16400.0
16400.0
16400.0
16400.0
16400.0
16400.0
23900.0
23900.0
23900.0
23900.0
23900.0
23900.0
33500.0
33500.0
33500.0
33500.0
33500.0
33500.0
41000.0
41000.0
41000.0
41000.0
41000.0
41000.0
42200.0
42200.0
42200.0
42200.0
42200.0
42200.0
38800.0
38800.0
38800.0
38800.0
38800.0
38800.0