2.2
2.2
2.2
2.2
2.2
2.2
13.3
13.3
13.3
13.3
13.3
13.3
10.1
10.1
10.1
10.1
10.1
10.1
5.9
5.9
5.9
5.9
5.9
5.9
4.3
4.3
4.3
4.3
4.3
4.3
11.3
11.3
11.3
11.3
11.3
11.3
32.9
32.9
32.9
32.9
32.9
32.9
14.0
14.0
14.0
14.0
14.0
14.0
15.0
15.0
15.0
15.0
15.0
15.0
12.0
12.0
12.0
12.0
12.0
12.0
9.7
9.7
9.7
9.7
9.7
9.7
8.1
8.1
8.1
8.1
8.1
8.1
7.7
7.7
7.7
7.7
7.7
7.7
7.4
7.4
7.4
7.4
7.4
7.4
6.6
6.6
6.6
6.6
6.6
6.6
6.1
6.1
6.1
6.1
6.1
6.1
5.3
5.3
5.3
5.3
5.3
5.3
5.6
5.6
5.6
5.6
5.6
5.6
5.3
5.3
5.3
5.3
5.3
5.3
4.7
4.7
4.7
4.7
4.7
4.7
4.6
4.6
4.6
4.6
4.6
4.6
4.6
4.6
4.6
4.6
4.6
4.6
4.6
4.6
4.6
4.6
4.6
4.6
5.5
5.5
5.5
5.5
5.5
5.5
5.3
5.3
5.3
5.3
5.3
5.3
4.6
4.6
4.6
4.6
4.6
4.6
4.6
4.6
4.6
4.6
4.6
4.6
5.6
5.6
5.6
5.6
5.6
5.6
4.6
4.6
4.6
4.6
4.6
4.6
6.4
6.4
6.4
6.4
6.4
6.4
7.5
7.5
7.5
7.5
7.5
7.5
4.6
4.6
4.6
4.6
4.6
4.6
4.7
4.7
4.7
4.7
4.7
4.7
4.6
4.6
4.6
4.6
4.6
4.6
6.2
6.2
6.2
6.2
6.2
6.2
16.1
16.1
16.1
16.1
16.1
16.1
8.6
8.6
8.6
8.6
8.6
8.6
6.9
6.9
6.9
6.9
6.9
6.9
7.0
7.0
7.0
7.0
7.0
7.0
6.6
6.6
6.6
6.6
6.6
6.6
5.7
5.7
5.7
5.7
5.7
5.7
6.4
6.4
6.4
6.4
6.4
6.4
6.1
6.1
6.1
6.1
6.1
6.1
5.7
5.7
5.7
5.7
5.7
5.7
4.6
4.6
4.6
4.6
4.6
4.6
5.0
5.0
5.0
5.0
5.0
5.0
4.3
4.3
4.3
4.3
4.3
4.3
5.0
5.0
5.0
5.0
5.0
5.0
7.0
7.0
7.0
7.0
7.0
7.0
5.5
5.5
5.5
5.5
5.5
5.5
4.6
4.6
4.6
4.6
4.6
4.6
3.9
3.9
3.9
3.9
3.9
3.9
4.3
4.3
4.3
4.3
4.3
4.3
4.3
4.3
4.3
4.3
4.3
4.3
4.3
4.3
4.3
4.3
4.3
4.3
3.7
3.7
3.7
3.7
3.7
3.7
3.8
3.8
3.8
3.8
3.8
3.8
3.9
3.9
3.9
3.9
3.9
3.9
4.5
4.5
4.5
4.5
4.5
4.5
6.2
6.2
6.2
6.2
6.2
6.2
4.9
4.9
4.9
4.9
4.9
4.9
4.3
4.3
4.3
4.3
4.3
4.3
3.8
3.8
3.8
3.8
3.8
3.8
3.7
3.7
3.7
3.7
3.7
3.7
4.2
4.2
4.2
4.2
4.2
4.2
4.2
4.2
4.2
4.2
4.2
4.2
6.6
6.6
6.6
6.6
6.6
6.6
11.0
11.0
11.0
11.0
11.0
11.0
6.2
6.2
6.2
6.2
6.2
6.2
4.3
4.3
4.3
4.3
4.3
4.3
4.0
4.0
4.0
4.0
4.0
4.0
3.8
3.8
3.8
3.8
3.8
3.8
3.7
3.7
3.7
3.7
3.7
3.7
3.6
3.6
3.6
3.6
3.6
3.6
3.6
3.6
3.6
3.6
3.6
3.6
3.7
3.7
3.7
3.7
3.7
3.7
4.3
4.3
4.3
4.3
4.3
4.3
11.0
11.0
11.0
11.0
11.0
11.0
10.8
10.8
10.8
10.8
10.8
10.8
12.7
12.7
12.7
12.7
12.7
12.7
10.4
10.4
10.4
10.4
10.4
10.4
14.0
14.0
14.0
14.0
14.0
14.0
20.6
20.6
20.6
20.6
20.6
20.6
13.0
13.0
13.0
13.0
13.0
13.0
11.6
11.6
11.6
11.6
11.6
11.6
10.6
10.6
10.6
10.6
10.6
10.6
11.2
11.2
11.2
11.2
11.2
11.2
68.4
68.4
68.4
68.4
68.4
68.4
43.7
43.7
43.7
43.7
43.7
43.7
23.6
23.6
23.6
23.6
23.6
23.6
21.0
21.0
21.0
21.0
21.0
21.0
32.1
32.1
32.1
32.1
32.1
32.1
18.8
18.8
18.8
18.8
18.8
18.8
14.8
14.8
14.8
14.8
14.8
14.8
11.6
11.6
11.6
11.6
11.6
11.6
9.6
9.6
9.6
9.6
9.6
9.6
8.9
8.9
8.9
8.9
8.9
8.9
8.1
8.1
8.1
8.1
8.1
8.1
7.0
7.0
7.0
7.0
7.0
7.0
6.9
6.9
6.9
6.9
6.9
6.9
9.0
9.0
9.0
9.0
9.0
9.0
9.0
9.0
9.0
9.0
9.0
9.0
9.0
9.0
9.0
9.0
9.0
9.0
9.0
9.0
9.0
9.0
9.0
9.0
9.0
9.0
9.0
9.0
9.0
9.0
9.0
9.0
9.0
9.0
9.0
9.0
9.0
9.0
9.0
9.0
9.0
9.0
6.9
6.9
6.9
6.9
6.9
6.9
6.4
6.4
6.4
6.4
6.4
6.4
5.9
5.9
5.9
5.9
5.9
5.9
5.4
5.4
5.4
5.4
5.4
5.4
4.9
4.9
4.9
4.9
4.9
4.9
4.4
4.4
4.4
4.4
4.4
4.4
4.0
4.0
4.0
4.0
4.0
4.0
3.6
3.6
3.6
3.6
3.6
3.6
3.5
3.5
3.5
3.5
3.5
3.5
3.6
3.6
3.6
3.6
3.6
3.6
3.5
3.5
3.5
3.5
3.5
3.5
3.1
3.1
3.1
3.1
3.1
3.1
2.9
2.9
2.9
2.9
2.9
2.9
2.7
2.7
2.7
2.7
2.7
2.7
14.8
14.8
14.8
14.8
14.8
14.8
29.9
29.9
29.9
29.9
29.9
29.9
10.8
10.8
10.8
10.8
10.8
10.8
7.1
7.1
7.1
7.1
7.1
7.1
5.7
5.7
5.7
5.7
5.7
5.7
5.9
5.9
5.9
5.9
5.9
5.9
6.1
6.1
6.1
6.1
6.1
6.1
4.9
4.9
4.9
4.9
4.9
4.9
4.9
4.9
4.9
4.9
4.9
4.9
9.8
9.8
9.8
9.8
9.8
9.8
37.2
37.2
37.2
37.2
37.2
37.2
67.8
67.8
67.8
67.8
67.8
67.8
95.2
95.2
95.2
95.2
95.2
95.2
43.8
43.8
43.8
43.8
43.8
43.8
25.4
25.4
25.4
25.4
25.4
25.4
18.0
18.0
18.0
18.0
18.0
18.0
13.9
13.9
13.9
13.9
13.9
13.9
10.9
10.9
10.9
10.9
10.9
10.9
8.9
8.9
8.9
8.9
8.9
8.9
7.8
7.8
7.8
7.8
7.8
7.8
7.0
7.0
7.0
7.0
7.0
7.0
6.5
6.5
6.5
6.5
6.5
6.5
5.7
5.7
5.7
5.7
5.7
5.7
5.0
5.0
5.0
5.0
5.0
5.0
4.5
4.5
4.5
4.5
4.5
4.5
4.2
4.2
4.2
4.2
4.2
4.2
3.8
3.8
3.8
3.8
3.8
3.8
3.5
3.5
3.5
3.5
3.5
3.5
3.2
3.2
3.2
3.2
3.2
3.2
3.0
3.0
3.0
3.0
3.0
3.0
2.8
2.8
2.8
2.8
2.8
2.8
2.7
2.7
2.7
2.7
2.7
2.7
2.5
2.5
2.5
2.5
2.5
2.5
2.2
2.2
2.2
2.2
2.2
2.2
2.2
2.2
2.2
2.2
2.2
2.2
2.0
2.0
2.0
2.0
2.0
2.0
1.7
1.7
1.7
1.7
1.7
1.7
2.3
2.3
2.3
2.3
2.3
2.3
2.5
2.5
2.5
2.5
2.5
2.5
1.9
1.9
1.9
1.9
1.9
1.9
1.5
1.5
1.5
1.5
1.5
1.5
1.4
1.4
1.4
1.4
1.4
1.4
1.3
1.3
1.3
1.3
1.3
1.3
1.4
1.4
1.4
1.4
1.4
1.4
2.6
2.6
2.6
2.6
2.6
2.6
2.9
2.9
2.9
2.9
2.9
2.9
5.9
5.9
5.9
5.9
5.9
5.9
8.7
8.7
8.7
8.7
8.7
8.7
3.1
3.1
3.1
3.1
3.1
3.1
2.0
2.0
2.0
2.0
2.0
2.0
2.0
2.0
2.0
2.0
2.0
2.0
2.0
2.0
2.0
2.0
2.0
2.0
2.0
2.0
2.0
2.0
2.0
2.0
2.0
2.0
2.0
2.0
2.0
2.0
2.0
2.0
2.0
2.0
2.0
2.0
2.0
2.0
2.0
2.0
2.0
2.0
1.6
1.6
1.6
1.6
1.6
1.6
1.4
1.4
1.4
1.4
1.4
1.4
1.1
1.1
1.1
1.1
1.1
1.1
1.2
1.2
1.2
1.2
1.2
1.2
1.1
1.1
1.1
1.1
1.1
1.1
1.0
1.0
1.0
1.0
1.0
1.0
1.0
1.0
1.0
1.0
1.0
1.0
0.9
0.9
0.9
0.9
0.9
0.9
0.8
0.8
0.8
0.8
0.8
0.8
0.8
0.8
0.8
0.8
0.8
0.8
0.8
0.8
0.8
0.8
0.8
0.8
1.0
1.0
1.0
1.0
1.0
1.0
1.1
1.1
1.1
1.1
1.1
1.1
1.0
1.0
1.0
1.0
1.0
1.0
0.8
0.8
0.8
0.8
0.8
0.8
0.8
0.8
0.8
0.8
0.8
0.8
0.6
0.6
0.6
0.6
0.6
0.6
0.6
0.6
0.6
0.6
0.6
0.6
0.8
0.8
0.8
0.8
0.8
0.8
0.6
0.6
0.6
0.6
0.6
0.6
0.6
0.6
0.6
0.6
0.6
0.6
0.6
0.6
0.6
0.6
0.6
0.6
0.6
0.6
0.6
0.6
0.6
0.6
0.6
0.6
0.6
0.6
0.6
0.6
0.6
0.6
0.6
0.6
0.6
0.6
1.8
1.8
1.8
1.8
1.8
1.8
1.8
1.8
1.8
1.8
1.8
1.8
1.8
1.8
1.8
1.8
1.8
1.8
6.3
6.3
6.3
6.3
6.3
6.3
2.7
2.7
2.7
2.7
2.7
2.7
1.4
1.4
1.4
1.4
1.4
1.4
1.0
1.0
1.0
1.0
1.0
1.0
0.9
0.9
0.9
0.9
0.9
0.9
0.6
0.6
0.6
0.6
0.6
0.6
0.6
0.6
0.6
0.6
0.6
0.6
0.4
0.4
0.4
0.4
0.4
0.4
2.6
2.6
2.6
2.6
2.6
2.6
2.0
2.0
2.0
2.0
2.0
2.0
2.3
2.3
2.3
2.3
2.3
2.3
2.3
2.3
2.3
2.3
2.3
2.3
3.0
3.0
3.0
3.0
3.0
3.0
2.7
2.7
2.7
2.7
2.7
2.7
6.9
6.9
6.9
6.9
6.9
6.9
4.3
4.3
4.3
4.3
4.3
4.3
3.4
3.4
3.4
3.4
3.4
3.4
1.5
1.5
1.5
1.5
1.5
1.5
0.9
0.9
0.9
0.9
0.9
0.9
1.4
1.4
1.4
1.4
1.4
1.4
1.1
1.1
1.1
1.1
1.1
1.1
1.0
1.0
1.0
1.0
1.0
1.0
1.0
1.0
1.0
1.0
1.0
1.0
1.0
1.0
1.0
1.0
1.0
1.0
1.0
1.0
1.0
1.0
1.0
1.0
1.0
1.0
1.0
1.0
1.0
1.0
1.0
1.0
1.0
1.0
1.0
1.0
1.0
1.0
1.0
1.0
1.0
1.0
1.0
1.0
1.0
1.0
1.0
1.0
1.0
1.0
1.0
1.0
1.0
1.0
1.0
1.0
1.0
1.0
1.0
1.0
1.0
1.0
1.0
1.0
1.0
1.0
1.0
1.0
1.0
1.0
1.0
1.0
1.0
1.0
1.0
1.0
1.0
1.0
1.0
1.0
1.0
1.0
1.0
1.0
1.0
1.0
1.0
1.0
1.0
1.0
1.0
1.0
1.0
1.0
1.0
1.0
1.0
1.0
1.0
1.0
1.0
1.0
1.0
1.0
1.0
1.0
1.0
1.0
2.0
2.0
2.0
2.0
2.0
2.0
2.0
2.0
2.0
2.0
2.0
2.0
2.0
2.0
2.0
2.0
2.0
2.0
2.0
2.0
2.0
2.0
2.0
2.0
2.0
2.0
2.0
2.0
2.0
2.0
2.0
2.0
2.0
2.0
2.0
2.0
2.0
2.0
2.0
2.0
2.0
2.0
2.0
2.0
2.0
2.0
2.0
2.0
2.0
2.0
2.0
2.0
2.0
2.0
2.0
2.0
2.0
2.0
2.0
2.0
0.9
0.9
0.9
0.9
0.9
0.9
0.9
0.9
0.9
0.9
0.9
0.9
0.9
0.9
0.9
0.9
0.9
0.9
0.9
0.9
0.9
0.9
0.9
0.9
0.9
0.9
0.9
0.9
0.9
0.9
0.9
0.9
0.9
0.9
0.9
0.9
0.9
0.9
0.9
0.9
0.9
0.9
0.9
0.9
0.9
0.9
0.9
0.9
0.9
0.9
0.9
0.9
0.9
0.9
0.9
0.9
0.9
0.9
0.9
0.9
0.9
0.9
0.9
0.9
0.9
0.9
0.7
0.7
0.7
0.7
0.7
0.7
0.6
0.6
0.6
0.6
0.6
0.6
0.8
0.8
0.8
0.8
0.8
0.8
0.3
0.3
0.3
0.3
0.3
0.3
0.4
0.4
0.4
0.4
0.4
0.4
0.5
0.5
0.5
0.5
0.5
0.5
1.2
1.2
1.2
1.2
1.2
1.2
1.0
1.0
1.0
1.0
1.0
1.0
1.2
1.2
1.2
1.2
1.2
1.2
0.2
0.2
0.2
0.2
0.2
0.2
0.2
0.2
0.2
0.2
0.2
0.2
0.1
0.1
0.1
0.1
0.1
0.1
0.3
0.3
0.3
0.3
0.3
0.3
0.3
0.3
0.3
0.3
0.3
0.3
19.8
19.8
19.8
19.8
19.8
19.8
18.0
18.0
18.0
18.0
18.0
18.0
4.8
4.8
4.8
4.8
4.8
4.8
2.6
2.6
2.6
2.6
2.6
2.6
1.6
1.6
1.6
1.6
1.6
1.6
1.2
1.2
1.2
1.2
1.2
1.2
1.0
1.0
1.0
1.0
1.0
1.0
0.9
0.9
0.9
0.9
0.9
0.9
0.7
0.7
0.7
0.7
0.7
0.7
0.5
0.5
0.5
0.5
0.5
0.5
0.4
0.4
0.4
0.4
0.4
0.4
1.0
1.0
1.0
1.0
1.0
1.0
113.6
113.6
113.6
113.6
113.6
113.6
142.7
142.7
142.7
142.7
142.7
142.7
33.0
33.0
33.0
33.0
33.0
33.0
17.0
17.0
17.0
17.0
17.0
17.0
12.6
12.6
12.6
12.6
12.6
12.6
9.9
9.9
9.9
9.9
9.9
9.9
8.1
8.1
8.1
8.1
8.1
8.1
6.9
6.9
6.9
6.9
6.9
6.9
6.3
6.3
6.3
6.3
6.3
6.3
7.2
7.2
7.2
7.2
7.2
7.2
13.5
13.5
13.5
13.5
13.5
13.5
8.1
8.1
8.1
8.1
8.1
8.1
4.4
4.4
4.4
4.4
4.4
4.4
3.8
3.8
3.8
3.8
3.8
3.8
85.0
85.0
85.0
85.0
85.0
85.0
97.1
97.1
97.1
97.1
97.1
97.1
20.7
20.7
20.7
20.7
20.7
20.7
13.8
13.8
13.8
13.8
13.8
13.8
10.9
10.9
10.9
10.9
10.9
10.9
9.7
9.7
9.7
9.7
9.7
9.7
31.9
31.9
31.9
31.9
31.9
31.9
28.0
28.0
28.0
28.0
28.0
28.0
17.8
17.8
17.8
17.8
17.8
17.8
98.7
98.7
98.7
98.7
98.7
98.7
47.6
47.6
47.6
47.6
47.6
47.6
25.3
25.3
25.3
25.3
25.3
25.3
17.6
17.6
17.6
17.6
17.6
17.6
14.1
14.1
14.1
14.1
14.1
14.1
12.0
12.0
12.0
12.0
12.0
12.0
10.6
10.6
10.6
10.6
10.6
10.6
10.7
10.7
10.7
10.7
10.7
10.7
10.0
10.0
10.0
10.0
10.0
10.0
63.3
63.3
63.3
63.3
63.3
63.3
85.3
85.3
85.3
85.3
85.3
85.3
23.8
23.8
23.8
23.8
23.8
23.8
17.6
17.6
17.6
17.6
17.6
17.6
13.7
13.7
13.7
13.7
13.7
13.7
12.0
12.0
12.0
12.0
12.0
12.0
11.1
11.1
11.1
11.1
11.1
11.1
12.0
12.0
12.0
12.0
12.0
12.0
11.3
11.3
11.3
11.3
11.3
11.3
7.2
7.2
7.2
7.2
7.2
7.2
6.0
6.0
6.0
6.0
6.0
6.0
6.0
6.0
6.0
6.0
6.0
6.0
5.8
5.8
5.8
5.8
5.8
5.8
5.6
5.6
5.6
5.6
5.6
5.6
5.4
5.4
5.4
5.4
5.4
5.4
5.2
5.2
5.2
5.2
5.2
5.2
5.1
5.1
5.1
5.1
5.1
5.1
4.7
4.7
4.7
4.7
4.7
4.7
4.3
4.3
4.3
4.3
4.3
4.3
4.1
4.1
4.1
4.1
4.1
4.1
4.0
4.0
4.0
4.0
4.0
4.0
4.0
4.0
4.0
4.0
4.0
4.0
4.1
4.1
4.1
4.1
4.1
4.1
4.3
4.3
4.3
4.3
4.3
4.3
4.7
4.7
4.7
4.7
4.7
4.7
6.1
6.1
6.1
6.1
6.1
6.1
5.1
5.1
5.1
5.1
5.1
5.1
4.0
4.0
4.0
4.0
4.0
4.0
3.6
3.6
3.6
3.6
3.6
3.6
3.4
3.4
3.4
3.4
3.4
3.4
3.3
3.3
3.3
3.3
3.3
3.3
3.3
3.3
3.3
3.3
3.3
3.3
3.3
3.3
3.3
3.3
3.3
3.3
3.6
3.6
3.6
3.6
3.6
3.6
4.1
4.1
4.1
4.1
4.1
4.1
5.4
5.4
5.4
5.4
5.4
5.4
12.2
12.2
12.2
12.2
12.2
12.2
31.2
31.2
31.2
31.2
31.2
31.2
21.5
21.5
21.5
21.5
21.5
21.5
57.0
57.0
57.0
57.0
57.0
57.0
32.1
32.1
32.1
32.1
32.1
32.1
20.7
20.7
20.7
20.7
20.7
20.7