3.938035699999999650e+01
6.333857150000000047e+01
4.527250025000000733e+01
6.543821425000000147e+01
6.177642825000000215e+01
6.716642849999999498e+01
4.007071449999999402e+01
6.245500025000000477e+01
4.548642874999999464e+01
6.448928574999999341e+01
6.107285699999999906e+01
6.914214300000000435e+01
4.093214274999999702e+01
6.064035750000000036e+01
4.619678575000000365e+01
6.284857150000000559e+01
5.949499999999999744e+01
6.931035724999999559e+01
4.194357175000000382e+01
5.901642849999999640e+01
4.636928549999999660e+01
6.080535699999999366e+01
5.920714274999999560e+01
6.833892875000000799e+01
4.345499999999999829e+01
5.727892874999999862e+01
4.704107149999999393e+01
5.955071425000000573e+01
5.960535725000000440e+01
6.838392874999999549e+01
4.518214274999999702e+01
5.638964299999999241e+01
4.828142850000000408e+01
5.914892875000001027e+01
5.918785725000000042e+01
6.829392849999999271e+01
4.613142849999999839e+01
5.781499999999999773e+01
5.043357124999999996e+01
5.872285725000000411e+01
5.804857150000000132e+01
6.727428575000000421e+01
4.636499999999999488e+01
6.016499999999999915e+01
5.295357150000000246e+01
5.790571424999999550e+01
5.620250000000000057e+01
6.518642850000000522e+01
4.579535699999999565e+01
6.184357149999999592e+01
5.428464300000000264e+01
5.780071449999999800e+01
5.454071449999999999e+01
6.332214274999999759e+01
4.500892850000000323e+01
6.278607124999999911e+01
5.568607124999999769e+01
5.860714275000000129e+01
5.353535700000000475e+01
6.271535724999999672e+01
4.381928574999999881e+01
6.404392850000000692e+01
5.807357125000000053e+01
6.001178575000000137e+01
5.163928574999999910e+01
6.209285724999999445e+01
4.261892875000000203e+01
6.483107125000000792e+01
6.170428600000000330e+01
6.137714400000000126e+01
4.925321449999999857e+01
6.158964275000001010e+01
4.205857124999999996e+01
6.403000000000000114e+01
6.467749999999999488e+01
6.212857249999998999e+01
4.699571399999999954e+01
6.141928574999999313e+01
4.256928549999999944e+01
6.187214299999999412e+01
6.679500124999999855e+01
6.339249999999999829e+01
4.567321450000000027e+01
6.126714275000000498e+01
4.292071450000000254e+01
5.862964300000000151e+01
6.821750000000000114e+01
6.524464299999999639e+01
4.528249974999999949e+01
6.123642850000000237e+01
4.409607125000000138e+01
5.693821450000000084e+01
6.994892824999999448e+01
6.680678699999999992e+01
4.528392875000000117e+01
6.037571425000000147e+01
4.617428549999999632e+01
5.569892850000000806e+01
7.137857124999999314e+01
6.751642850000000351e+01
4.523535724999999985e+01
5.920642850000000124e+01
4.934821449999999743e+01
5.365464275000000072e+01
7.179750024999999880e+01
6.749250000000000682e+01
4.643607150000000416e+01
5.878142825000000471e+01
5.173714275000000384e+01
5.225642874999999776e+01
7.022750000000000625e+01
6.700785700000000134e+01
4.829821425000000090e+01
5.923821449999999800e+01
5.278000000000000114e+01
5.284178550000000030e+01
6.918214299999999639e+01
6.712714300000000378e+01
5.027857149999999820e+01
5.958250000000000313e+01
5.268392874999999975e+01
5.401357149999999763e+01
6.834285724999999445e+01
6.746392850000000863e+01
5.128428574999999512e+01
6.018464274999999475e+01
5.239642849999999896e+01
5.526214275000000242e+01
6.734178574999999967e+01
6.616178575000000706e+01
5.226821449999999913e+01
6.048892850000000010e+01
5.165142874999999378e+01
5.577821424999999067e+01
6.530892849999999328e+01
6.435392824999999561e+01
5.397749999999999915e+01
6.219392874999999776e+01
5.068285699999999849e+01
5.598321425000000318e+01
6.245642850000000124e+01
6.288249975000000092e+01
5.566035725000000411e+01
6.481071425000000374e+01
4.943821425000000147e+01
5.643392849999999328e+01
6.045428550000000456e+01
6.238392850000000323e+01
5.648785725000000468e+01
6.759500024999999823e+01
4.846071424999999522e+01
5.683250000000000313e+01
6.046285699999999963e+01
6.222750025000000562e+01
5.652892874999999862e+01
6.961642875000001141e+01
4.796678574999999967e+01
5.718142824999999618e+01
6.003785725000000184e+01
6.120714274999999560e+01
5.616464275000000583e+01
7.033214275000000271e+01
4.772714299999999810e+01
5.751892850000000124e+01
5.885535724999999729e+01
5.953714275000000100e+01
5.742035724999999502e+01
7.017071450000000254e+01
4.824928599999999790e+01
5.789714299999999980e+01
5.797285699999999764e+01
5.944321425000000403e+01
5.969428574999999171e+01
7.076571425000000204e+01
4.934964275000000100e+01
5.927035724999999644e+01
5.782535724999999616e+01
6.024535699999999849e+01
6.126142849999999385e+01
7.032357149999999990e+01
4.904857175000000069e+01
6.182392875000000032e+01
5.902464274999999816e+01
6.104178575000000251e+01
6.143249974999999807e+01
6.919249999999999545e+01
4.818428575000000080e+01
6.558928550000000257e+01
6.049642849999999328e+01
6.112892875000000004e+01
6.077178449999999543e+01
6.735321424999999351e+01
4.722964275000000356e+01
6.808392874999999833e+01
6.036499999999999488e+01
6.161357150000000615e+01
6.050178675000000084e+01
6.547964299999999582e+01
4.600857150000000217e+01
6.886571424999999635e+01
6.106107124999999769e+01
6.382107175000000154e+01
6.072571400000000352e+01
6.417714300000000094e+01
4.498571400000000153e+01
6.938714275000000953e+01
6.310249899999999457e+01
6.698714250000000447e+01
5.936142849999999527e+01
6.312071400000000665e+01
4.375607149999999734e+01
6.998357124999999712e+01
6.649392899999999429e+01
6.996964350000000366e+01
5.667571424999999863e+01
6.278285724999999928e+01
4.309035674999999799e+01
6.894892874999999322e+01
6.932892950000000098e+01
7.179892850000000237e+01
5.343214275000000413e+01
6.376107149999999990e+01
4.363107150000000445e+01
6.640321425000000488e+01
7.107571425000000431e+01
7.406928475000000844e+01
5.139499999999999602e+01
6.497607150000001752e+01
4.429214250000000419e+01
6.277750025000000278e+01
7.203321350000000223e+01
7.724642925000000560e+01
5.044071449999999857e+01
6.600321424999999920e+01
4.552464299999999753e+01
6.124357125000000934e+01
7.312107149999999933e+01
8.007428575000000137e+01
4.956928549999999944e+01
6.583428549999999291e+01
4.744785724999999843e+01
6.159535724999999218e+01
7.392571424999999863e+01
8.074642875000000686e+01
4.857428575000000137e+01
6.542357125000000906e+01
5.082678549999999973e+01
6.191428575000000478e+01
7.315357149999999820e+01
8.034500099999999634e+01
4.898857150000000615e+01
6.525571424999999692e+01
5.311214300000000321e+01
6.244749974999999864e+01
7.054571475000000191e+01
8.002571524999999042e+01
5.006964274999999986e+01
6.509607124999999428e+01
5.350142850000000294e+01
6.467464300000000321e+01
6.808392874999999833e+01
8.000678600000000529e+01
5.149678575000000080e+01
6.455071424999999863e+01
5.307714299999999241e+01
6.788285725000000070e+01
6.630285700000000304e+01
7.940035674999998605e+01
5.226928574999999455e+01
6.381071399999999727e+01
5.220928549999999291e+01
7.054499900000000423e+01
6.450964274999999759e+01
7.711035749999999211e+01
5.266249999999999432e+01
6.325249974999999836e+01
5.141857149999999876e+01
7.173392974999998728e+01
6.191035724999999701e+01
7.447285650000000601e+01
5.363714274999999532e+01
6.419392874999999776e+01
5.104499999999999460e+01
7.143642850000000522e+01
5.804571425000000318e+01
7.283142850000000124e+01
5.459857124999999911e+01
6.684321425000000261e+01
5.015535725000000156e+01
7.139214199999999266e+01
5.633749999999999147e+01
7.182928674999999430e+01
5.452928575000000677e+01
6.983678575000000421e+01
4.990178575000000194e+01
7.122571424999999579e+01
5.627499999999999858e+01
7.019357149999999024e+01
5.341357124999999684e+01
7.166500024999999141e+01
5.064964299999999753e+01
7.002571424999999294e+01
5.637821400000000693e+01
6.846500000000000341e+01
5.215392874999999862e+01
7.183464275000000043e+01
5.152428575000000421e+01
6.861214275000000384e+01
5.577178574999999228e+01
6.684535725000000639e+01
5.217785700000000304e+01
7.188321424999998044e+01
5.290571425000000261e+01
6.810035725000000184e+01
5.524249975000000035e+01
6.651892875000000060e+01
5.304178574999999540e+01
7.209821424999999806e+01
5.452535699999999963e+01
6.829857149999999422e+01
5.567821425000000346e+01
6.693857124999999542e+01
5.323321425000000318e+01
7.284035699999999736e+01
5.574035725000000241e+01
6.912821424999999920e+01
5.799178574999999114e+01
6.765250000000000341e+01
5.232250025000000448e+01
7.201178600000000074e+01
5.563321425000000175e+01
6.955928550000000143e+01
5.965071424999999294e+01
6.791928475000000276e+01
5.122428550000000058e+01
6.998821424999999863e+01
5.526464299999999952e+01
7.001999999999999602e+01
6.002785724999999672e+01
6.905178574999999341e+01
5.126142850000000095e+01
6.798000000000000398e+01
5.509750000000000369e+01
6.963714300000000890e+01
6.080499999999999261e+01
7.162821524999999667e+01
5.222642874999999663e+01
6.704178575000000251e+01
5.582999999999999829e+01
6.946214274999999816e+01
6.264964400000000211e+01
7.529392849999999271e+01
5.174964275000000669e+01
6.589178549999999746e+01
5.677250000000000085e+01
6.921857149999999592e+01
6.575071499999999958e+01
7.852000025000000960e+01
5.022821425000000062e+01
6.583571425000000943e+01
5.849035725000000241e+01
6.769214275000000214e+01
6.752857099999999946e+01
8.093392825000000812e+01
4.896071425000000232e+01
6.550000000000000000e+01
5.955535700000000077e+01
6.538678550000000200e+01
6.811714249999999993e+01
8.320035824999999363e+01
4.881749999999999545e+01
6.526964275000000271e+01
6.078321299999999638e+01
6.353285724999999928e+01
6.775964324999999633e+01
8.639678424999999606e+01
4.917892849999999783e+01
6.511428574999999341e+01
6.241892949999999729e+01
6.267178600000000444e+01
6.743428450000000396e+01
8.908321349999999939e+01
4.884000000000000341e+01
6.545892849999999896e+01
6.376178649999999948e+01
6.344892850000000806e+01
6.714428449999999771e+01
9.041857275000000982e+01
4.827285750000000064e+01
6.553285700000000702e+01
6.563892925000000389e+01
6.384928575000000706e+01
6.550392875000000004e+01
9.041821525000000292e+01
4.900821449999999402e+01
6.606285699999999395e+01
6.615214174999999841e+01
6.333714274999999816e+01
6.286249999999999716e+01
9.050285650000000714e+01
4.993321425000000602e+01
6.649321424999999408e+01
6.444392849999999839e+01
6.425571424999999692e+01
6.066428549999999831e+01
9.104964150000000700e+01
5.070750000000000313e+01
6.704107150000000104e+01
6.253357249999999823e+01
6.634357149999999592e+01
5.907928599999999619e+01
9.093499975000000290e+01
5.101428574999999910e+01
6.752607125000000110e+01
6.070214274999999304e+01
6.920678574999999455e+01
5.807071450000000112e+01
8.847857025000000419e+01
5.040214274999999589e+01
6.821000000000000796e+01
5.985035725000000184e+01
7.084464199999999323e+01
5.568214274999999702e+01
8.533071449999998492e+01
5.074428549999999660e+01
6.917357150000000843e+01
6.014892850000000379e+01
7.157071450000000823e+01
5.243071425000000829e+01
8.255000000000001137e+01
5.047464275000000100e+01
7.134071424999999067e+01
6.000214275000000441e+01
7.171749975000000177e+01
5.060785700000000276e+01
8.012714224999999146e+01
4.953249999999999886e+01
7.336249974999999779e+01
6.056571524999999667e+01
7.319928600000000074e+01
4.979928575000000279e+01
7.796714350000000593e+01
4.850607150000000445e+01
7.424571425000000602e+01
6.185357100000000230e+01
7.347500024999999368e+01
4.953749974999999495e+01
7.511499974999999552e+01
4.717249999999999943e+01
7.391214275000000100e+01
6.335035824999999932e+01
7.319428600000000529e+01
4.898428574999999796e+01
7.227964274999999361e+01
4.672678574999999768e+01
7.359000000000000341e+01
6.486678624999998988e+01
7.235785724999999502e+01
4.851285724999999616e+01
7.075785700000000134e+01
4.836107150000000132e+01
7.370035749999999553e+01
6.552607125000000110e+01
7.212035699999999849e+01
5.045321425000000204e+01
6.987535725000000753e+01
4.871964274999999844e+01
7.385428575000000251e+01
6.523000125000000082e+01
7.264035724999999388e+01
5.389285725000000582e+01
6.930321449999999572e+01
4.864892850000000379e+01
7.311821399999999471e+01
6.401357199999999636e+01
7.305142874999999947e+01
5.719142875000000004e+01
6.881749999999999545e+01
4.834714300000000264e+01
7.211357149999999194e+01
6.288285700000000134e+01
7.196892875000000345e+01
5.894678575000000365e+01
6.818464224999999601e+01
4.843142850000000266e+01
7.255821424999999181e+01
6.269428575000000592e+01
7.120285725000000809e+01
6.095535699999999935e+01
6.893499975000000290e+01
4.967357125000000195e+01
7.362714300000000378e+01
6.338857124999999826e+01
7.060285700000000020e+01
6.357571424999999721e+01
7.033607100000000401e+01
5.016642875000000146e+01
7.446785699999999508e+01
6.458035700000000645e+01
6.959392875000000345e+01
6.685392850000000919e+01
7.170857150000000502e+01
4.920535725000000582e+01
7.504357124999999940e+01
6.679464250000000902e+01
6.776857124999999371e+01
6.821928574999999739e+01
7.349142875000001141e+01
4.850357149999999962e+01
7.553214274999999134e+01
6.825428449999999714e+01
6.465392850000000635e+01
6.778607149999999137e+01
7.558178499999999644e+01
4.911107124999999485e+01
7.547142850000000180e+01
6.958500075000000606e+01
6.218571425000000374e+01
6.675821449999999402e+01
7.840857149999999365e+01
5.068321449999999828e+01
7.469499999999999318e+01
7.095678475000001129e+01
6.087678575000000336e+01
6.619928575000000137e+01
8.144535750000000007e+01
5.197785724999999957e+01
7.262392850000000522e+01
7.202214225000000170e+01
6.104178550000000314e+01
6.544107124999999314e+01
8.306642825000000130e+01
5.255392849999999783e+01
7.029214274999999645e+01
7.352178599999999165e+01
6.059678549999999575e+01
6.346142874999999606e+01
8.403071375000000387e+01
5.438535724999999843e+01
6.902428575000000421e+01
7.318928649999999436e+01
6.000464300000000151e+01
6.015607174999999529e+01
8.495749974999999665e+01
5.552071424999999749e+01
6.869678575000000365e+01
7.109571425000000033e+01
6.148499999999999943e+01
5.753821450000000226e+01
8.566428600000000415e+01
5.658892849999999441e+01
6.963749974999998926e+01
6.935892925000000275e+01
6.330821424999999891e+01
5.588142849999999839e+01
8.511964324999999576e+01
5.663428550000000428e+01
7.159428574999999739e+01
6.803392850000000180e+01
6.540999999999999659e+01
5.487535700000000105e+01
8.252535824999999647e+01
5.586571449999999572e+01
7.370428574999999682e+01
6.841142849999999953e+01
6.697214274999998906e+01
5.330214275000000157e+01
7.902464274999999816e+01
5.595535724999999871e+01
7.594107149999999251e+01
6.875928575000000365e+01
6.683607150000000274e+01
5.174249999999999972e+01
7.590107075000000236e+01
5.531107125000000480e+01
7.906892849999999839e+01
6.835999999999999943e+01
6.699178550000000598e+01
5.151857125000000082e+01
7.295321524999999951e+01
5.321892850000000408e+01
8.104714400000000296e+01
6.842535725000000468e+01
6.762571425000000147e+01
5.269928575000000137e+01
6.984428575000001160e+01
5.162821424999999920e+01
8.168392825000000812e+01
6.920071349999999200e+01
6.778607150000000559e+01
5.433464249999999396e+01
6.631928550000000655e+01
4.995892849999999896e+01
8.057678599999999847e+01
6.998642925000001469e+01
6.800214275000000441e+01
5.555607150000000161e+01
6.301714300000000435e+01
4.966535724999999957e+01
7.870714300000000208e+01
7.099500000000000455e+01
6.816035700000000475e+01
5.663749899999999826e+01
6.114750000000000085e+01
5.001178550000000200e+01
7.742821424999999635e+01
7.043107125000000224e+01
6.861357150000000615e+01
5.859000025000000278e+01
6.050107150000000189e+01
4.960964299999999838e+01
7.673785725000000468e+01
6.955464399999999614e+01
7.001714275000000498e+01
6.088642874999999322e+01
6.041714274999999645e+01
4.892071425000000318e+01
7.479535700000000986e+01
6.822607125000000394e+01
7.127035725000000355e+01
6.242464375000000132e+01
6.036750000000000682e+01
4.830964300000000122e+01
7.322535725000000184e+01
6.753428599999999449e+01
7.203999999999999204e+01
6.243321525000000349e+01
6.113821424999999721e+01
4.830678574999999597e+01
7.301678574999999682e+01
6.764392875000000060e+01
7.118500000000000227e+01
6.205607175000000097e+01
6.224857149999999706e+01
4.966821424999999834e+01
7.266214275000000100e+01
6.829249974999999040e+01
7.071071424999999522e+01
6.211714200000000119e+01
6.426000000000000512e+01
4.989571424999999749e+01
7.219178549999999461e+01
6.780285700000000304e+01
7.001642850000000351e+01
6.255071499999999673e+01
6.643250025000000392e+01
4.962678599999999562e+01
7.149571425000000602e+01
6.718250000000000455e+01
6.786571449999999572e+01
6.160428500000000440e+01
6.868714274999999247e+01
4.916107124999999911e+01
7.016035600000000727e+01
6.627821425000000488e+01
6.474964274999999247e+01
6.019892974999999780e+01
7.122250074999999470e+01
5.026285700000000389e+01
6.964071425000000204e+01
6.559785700000000475e+01
6.204642849999999754e+01
5.845892849999999896e+01
7.454928474999999821e+01
5.246214299999999753e+01
6.850892824999999675e+01
6.592964274999999930e+01
6.028428550000000286e+01
5.716499999999999204e+01
7.779142974999999183e+01
5.405714275000000413e+01
6.612785725000000525e+01
6.512535700000000816e+01
6.003642849999999953e+01
5.581321400000000210e+01
7.993571399999999016e+01
5.516107150000000559e+01
6.376607149999999535e+01
6.385928575000000507e+01
5.896857150000000303e+01
5.440892850000000180e+01
8.109178599999999904e+01
5.698392850000000465e+01
6.200000024999999937e+01
6.287928574999999398e+01
5.813535724999999843e+01
5.168571425000000374e+01
8.153714225000000226e+01
5.836035724999999275e+01
6.114642849999999896e+01
6.130928575000000080e+01
5.924071424999999635e+01
4.966535724999999957e+01
8.165356924999998967e+01
5.987571424999999437e+01
6.229535699999999565e+01
5.993785699999999395e+01
6.092464300000000321e+01
4.848642850000000237e+01
8.108464200000000233e+01
6.015250000000000341e+01
6.376821450000000624e+01
5.880535725000000014e+01
6.295821450000000397e+01
4.797607150000000331e+01
7.933571650000000375e+01
5.936464275000000157e+01
6.497285725000000411e+01
5.810928574999999796e+01
6.379357174999999813e+01
4.747214274999999617e+01
7.621392925000000673e+01
5.987785724999999104e+01
6.676607125000001020e+01
5.740214274999999589e+01
6.334928575000000706e+01
4.705178574999999341e+01
7.389107049999999788e+01
5.942964274999999930e+01
6.939607125000000565e+01
5.653035700000000219e+01
6.306178574999999853e+01
4.678321425000000033e+01
7.175678675000000339e+01
5.805142850000000010e+01
7.252035700000000418e+01
5.645678550000000229e+01
6.294785724999999843e+01
4.861857125000000224e+01
6.960035625000000437e+01
5.658749999999999858e+01
7.488964175000000978e+01
5.702642824999999505e+01
6.275571449999999629e+01
5.106999999999999318e+01
6.641892899999999145e+01
5.475535700000000361e+01
7.466678575000000251e+01
5.807500000000000284e+01
6.280535699999999366e+01
5.280678575000000308e+01
6.330035699999999821e+01
5.469321399999999755e+01
7.334714300000000264e+01
5.921607124999999883e+01
6.229214274999999645e+01
5.510464350000000167e+01
6.052214299999999980e+01
5.496071424999999522e+01
7.295785675000000481e+01
5.901964275000000271e+01
6.320178574999999910e+01
5.840964400000000012e+01
5.888035699999999650e+01
5.415000024999999795e+01
7.243678475000000105e+01
5.901428574999999910e+01
6.517392849999998816e+01
6.262999925000000445e+01
5.737535725000000042e+01
5.329607175000000296e+01
7.149142849999999783e+01
5.918642849999999811e+01
6.814535724999998934e+01
6.594321324999999945e+01
5.613714300000000179e+01
5.246285724999999900e+01
7.003214300000000492e+01
5.913035700000000361e+01
7.014642850000001317e+01
6.699571324999999433e+01
5.610142874999999663e+01
5.277535699999999963e+01
7.018285699999999849e+01
5.951571450000000141e+01
6.981857124999999087e+01
6.720285649999999578e+01
5.758321424999999749e+01
5.456464300000000378e+01
7.014142849999998930e+01
5.928000000000000114e+01
6.887357124999999769e+01
6.757214249999999822e+01
5.960321449999999999e+01
5.486178550000000342e+01
6.953678549999999348e+01
5.857464299999999469e+01
6.821642850000000635e+01
6.720678524999999581e+01
6.199678575000000080e+01
5.486964274999999702e+01
6.875821400000000949e+01
5.796107125000000337e+01
6.596000000000000796e+01
6.517285624999999527e+01
6.512464300000000605e+01
5.510571425000000545e+01
6.837749999999999773e+01
5.706678599999999335e+01
6.233357149999999081e+01
6.187249950000000354e+01
6.851535724999999388e+01
5.640821425000000033e+01
6.858214300000000208e+01
5.692642874999999947e+01
5.801214275000000953e+01
5.895142849999999868e+01
7.266214250000000163e+01
5.906428575000000336e+01
6.801571425000000204e+01
5.695357150000000956e+01
5.525892875000000970e+01
5.667107150000001070e+01
7.631892974999999524e+01
6.070607149999999308e+01
6.532142849999999612e+01
5.634892874999999890e+01
5.525464300000000151e+01
5.478785699999999537e+01
7.865000025000000505e+01
6.210750124999999855e+01
6.279535699999999565e+01
5.577499999999999858e+01
5.559285699999999508e+01
5.203607149999999848e+01
7.996607249999999567e+01
6.393928649999999436e+01
6.166714275000000356e+01
5.546892850000000408e+01
5.600464275000000214e+01
4.909607150000000075e+01
8.105607025000000476e+01
6.688571550000000343e+01
6.157892875000000288e+01
5.533642875000000316e+01
5.750464275000000214e+01
4.642035725000000213e+01
8.173750099999999463e+01
6.963499925000000701e+01
6.259214275000000072e+01
5.534714300000000264e+01
6.011714300000000577e+01
4.442714275000000157e+01
8.182999999999999829e+01
7.113714325000000827e+01
6.284392850000000408e+01
5.486535725000000241e+01
6.307857124999999598e+01
4.277214299999999980e+01
8.022642774999999915e+01
7.103035674999999571e+01
6.313321424999999465e+01
5.529071425000000772e+01
6.478999974999999267e+01
4.103250025000000534e+01
7.778357149999999365e+01
7.231071375000000501e+01
6.355464299999999866e+01
5.599285725000000014e+01
6.481928575000000592e+01
3.962214299999999412e+01
7.605142874999999947e+01
7.285035750000000121e+01
6.550142875000000231e+01
5.763821449999999658e+01
6.466857174999999813e+01
3.926249975000000347e+01
7.517928550000000598e+01
7.284000000000000341e+01
6.781392850000000294e+01
5.933035725000000582e+01
6.587071450000000539e+01
3.988214299999999923e+01
7.408071350000000166e+01
7.109535775000000513e+01
7.010642849999999271e+01
6.059214274999999361e+01
6.742392850000000237e+01
4.156035724999999559e+01
7.133785825000001068e+01
6.866535749999999894e+01
6.995785724999998934e+01
6.234964275000000100e+01
6.858607150000000274e+01
4.306250024999999937e+01
6.871071399999999585e+01
6.790964275000000328e+01
6.951928549999999518e+01
6.377571425000000005e+01
6.930249999999999488e+01
4.518357149999999933e+01
6.664214400000000182e+01
6.759464275000000555e+01
6.949249974999999324e+01
6.423535699999999338e+01
7.066857149999999876e+01
4.792464275000000384e+01
6.495821449999999686e+01
6.709392850000000408e+01
7.048071475000000419e+01
6.412571450000000084e+01
7.372964324999999519e+01
5.136142850000000237e+01
6.331928675000000339e+01
6.573285699999999565e+01
7.039714375000001212e+01
6.311607150000000388e+01
7.818392899999999202e+01
5.416607175000000041e+01
6.121678599999999904e+01
6.342464300000000321e+01
7.043142849999999555e+01
6.157785700000000872e+01
8.044178599999999335e+01
5.626678649999999493e+01
5.951928575000000166e+01
6.254249999999999687e+01
7.033285700000000418e+01
6.076035724999999843e+01
8.033464250000000106e+01
5.805892750000000291e+01
5.882714275000000725e+01
6.347035724999999928e+01
7.056785700000000361e+01
5.985607125000000650e+01
8.002714224999999715e+01
5.999285774999999887e+01
5.857857150000000246e+01
6.262999999999999545e+01
7.117785675000000367e+01
5.930642875000000203e+01
8.027035700000000418e+01
6.143714300000000605e+01
5.887714300000000378e+01
6.168678574999999853e+01
7.142214275000000612e+01
5.922214299999999554e+01
7.929035749999999894e+01
6.178857149999999621e+01
6.005857149999999933e+01
5.985928574999999796e+01
7.120964299999999980e+01
6.006285724999999331e+01
7.605464399999999614e+01
6.071714275000000072e+01
6.100035724999999331e+01
5.921071424999999522e+01
7.187035725000001207e+01
6.043892849999999584e+01
7.140392850000000635e+01
5.943607124999999769e+01
6.219142825000000130e+01
6.089857125000000337e+01
7.176642850000000351e+01
6.108178574999999455e+01
6.771714225000000908e+01
5.814178574999999682e+01
6.355607150000000161e+01
6.186000024999999880e+01
6.993607224999999517e+01
6.120357149999999535e+01
6.541892875000000629e+01
5.667714275000000157e+01
6.487892850000000067e+01
6.212392875000000458e+01
6.818357199999999807e+01
6.103357125000000138e+01
6.318285699999999849e+01
5.427785725000000383e+01
6.582428575000000137e+01
6.357964350000000309e+01
6.672821425000000772e+01
6.071321449999999942e+01
6.170500024999999766e+01
5.152642850000000152e+01
6.610142849999999726e+01
6.575142825000000357e+01
6.688750100000000032e+01
5.966499999999999915e+01
6.299035725000000241e+01
4.909857124999999911e+01
6.602249999999999375e+01
6.858714374999999563e+01
6.778535725000000411e+01
5.811214299999999611e+01
6.543428550000000143e+01
4.717071425000000318e+01
6.592178549999999859e+01
7.059857074999999327e+01
6.822428650000000516e+01
5.705749975000000518e+01
6.842499999999999716e+01
4.574714299999999412e+01
6.525214275000000441e+01
7.100321325000000172e+01
6.802857025000000135e+01
5.616214275000000100e+01
6.993321424999999181e+01
4.358821425000000005e+01
6.431821424999999692e+01
7.220000100000000032e+01
6.889071450000000141e+01
5.599071424999999635e+01
7.099214349999999740e+01
4.134678575000000222e+01
6.384892874999999890e+01
7.281428624999999499e+01
7.158071424999999977e+01
5.671999974999999949e+01
7.171214175000000068e+01
4.000964299999999696e+01
6.414285699999999224e+01
7.231964324999999860e+01
7.467535699999999110e+01
5.729821425000000090e+01
7.138142849999999839e+01
4.013750025000000221e+01
6.464107125000001020e+01
7.144785749999999780e+01
7.691357200000000205e+01
5.787964300000000151e+01
6.979857150000000843e+01
4.094071424999999920e+01
6.375321424999999920e+01
6.966000099999999406e+01
7.749249900000000935e+01
5.810285724999999957e+01
6.799464350000000934e+01
4.171214299999999753e+01
6.240357125000000593e+01
6.875249974999999836e+01
7.750642899999999713e+01
5.922428574999999285e+01
6.592142825000000528e+01
4.261892874999999492e+01
6.159464275000000555e+01
6.836535699999998883e+01
7.796749925000000303e+01
6.050678574999999881e+01
6.523357149999999649e+01
4.492214274999999901e+01
6.136178575000000279e+01
6.773107149999999876e+01
7.854107049999998935e+01
6.134107149999999820e+01
6.659321424999998840e+01
4.787250000000000227e+01
6.120964299999999270e+01
6.616571425000000772e+01
7.784071425000000488e+01
6.130321424999999635e+01
6.906642924999999877e+01
5.076321450000000368e+01
6.037678575000000336e+01
6.401250100000000032e+01
7.631857224999998834e+01
6.076750099999999577e+01
7.069250025000000903e+01
5.247071449999999970e+01
5.980285725000000241e+01
6.212071375000000728e+01
7.578857124999998973e+01
6.061785750000000661e+01
7.053749999999999432e+01
5.411500000000000199e+01
6.063642850000000095e+01
6.082357150000000701e+01
7.534785700000000475e+01
6.088214250000000050e+01
7.032214399999999443e+01
5.636714274999999930e+01
6.255250000000000199e+01
5.884392849999999697e+01
7.525749999999999318e+01
6.035107149999999621e+01
7.054964275000000384e+01
5.925607149999999734e+01
6.427214275000000043e+01
5.696999999999999886e+01
7.501964275000000271e+01
6.113357175000000154e+01
6.941928550000000087e+01
6.095464275000000498e+01
6.596607174999999756e+01
5.505214300000000094e+01
7.489749999999999375e+01
6.088250000000000739e+01
6.616142750000000206e+01
6.136392850000000720e+01
6.756000050000000101e+01
5.509464274999999844e+01
7.558999975000000404e+01
6.065714299999999781e+01
6.200178674999999373e+01
6.185178549999999831e+01
6.953607099999999264e+01
5.692428549999999632e+01
7.563928574999999910e+01
6.104214274999999645e+01
5.894178574999999398e+01
6.243428575000000080e+01
7.134535649999999407e+01
5.847071425000000033e+01
7.352999925000000303e+01
6.190714275000000555e+01
5.694285724999999587e+01
6.281535725000000525e+01
7.214535750000000291e+01
6.042964274999999930e+01
7.147392874999999890e+01
6.399500000000000455e+01
5.511285724999999758e+01
6.174357125000000224e+01
7.249892750000000774e+01
6.349678675000000538e+01
6.920892899999999770e+01
6.567250124999999628e+01
5.340571425000000261e+01
5.939785725000000127e+01
7.224392825000001039e+01
6.692785674999998946e+01
6.787285624999999811e+01
6.499857124999999769e+01
5.372107149999999365e+01
5.728071399999999613e+01
7.203035774999999319e+01
7.022678650000000289e+01
6.709928624999999158e+01
6.466785724999999729e+01
5.469535700000000134e+01
5.588321425000000886e+01
7.148500099999999691e+01
7.205999900000000480e+01
6.560428600000000188e+01
6.470464400000000182e+01
5.614071424999999493e+01
5.424500024999999681e+01
7.011964324999999576e+01
7.280249974999999552e+01
6.445178574999999910e+01
6.485464174999999898e+01
5.722821449999999999e+01
5.202749975000000404e+01
6.841964249999999481e+01
7.378464400000000012e+01
6.474857149999999706e+01
6.466749950000000524e+01
5.835464299999999582e+01
4.909250000000000114e+01
6.748071425000000545e+01
7.412357175000001064e+01
6.696785725000000866e+01
6.392750049999999362e+01
5.954999974999999779e+01
4.784071450000000425e+01
6.644785700000001327e+01
7.370999949999999501e+01
6.981071425000000374e+01
6.348428500000000696e+01
5.995392875000000288e+01
4.858178574999999455e+01
6.611464300000000094e+01
7.224035700000000304e+01
7.234678599999999449e+01
6.333285825000000102e+01
6.032535699999999679e+01
4.936678549999999888e+01
6.440535800000000677e+01
6.994928550000000200e+01
7.313999950000000183e+01
6.370500024999999766e+01
6.096999999999999886e+01
4.984499999999999886e+01
6.230428450000000140e+01
6.897107150000000786e+01
7.353499949999999785e+01
6.460892749999999296e+01
6.092249975000000717e+01
5.068928575000000336e+01
6.063857074999999952e+01
6.916750000000000398e+01
7.445678500000001065e+01
6.546071374999999648e+01
6.110499999999999687e+01
5.223535699999999338e+01
6.011321325000000115e+01
6.828392850000000180e+01
7.501499900000000309e+01
6.532750024999999994e+01
6.253392850000000180e+01
5.503000000000000114e+01
5.966357125000000394e+01
6.660035725000000184e+01
7.401107025000000306e+01
6.430535600000000329e+01
6.479714275000000612e+01
5.751714275000000498e+01
5.899999975000000063e+01
6.437250000000000227e+01
7.217607075000000805e+01
6.319142875000000004e+01
6.634392875000000345e+01
5.850571424999999692e+01
5.853071450000000198e+01
6.296464300000000236e+01
6.974071499999999446e+01
6.254821425000000090e+01
6.590928575000000933e+01
6.015214300000000236e+01
5.976749999999999829e+01
6.233535700000000190e+01
6.843071449999999345e+01
6.224071475000000930e+01
6.538821450000000368e+01
6.254642850000000465e+01
6.252000025000000250e+01
6.069821425000000659e+01
6.809749974999999722e+01
5.990464374999999819e+01
6.556571424999999920e+01
6.571178550000000484e+01
6.597107149999999365e+01
5.840785725000000639e+01
6.801392824999999220e+01
5.809071500000000299e+01
6.518071399999999471e+01
6.785607024999998771e+01
6.894321550000000798e+01
5.698928574999999341e+01
6.817249999999999943e+01
5.660071500000000100e+01
6.279857150000000132e+01
6.858142924999999934e+01
7.247500074999999242e+01
5.711107149999999422e+01
6.918107125000000224e+01
5.550749975000000092e+01
5.928785725000000184e+01
6.857392900000000679e+01
7.673250074999999981e+01
5.799785724999999559e+01
7.017250025000001301e+01
5.462107149999999933e+01
5.730428574999999825e+01
6.877642900000000736e+01
8.089928625000000295e+01
5.869999999999999574e+01
7.046964249999999197e+01
5.459428600000000387e+01
5.658250000000000313e+01
6.871285724999999900e+01
8.338428650000000175e+01
5.983857150000000047e+01
7.000392750000000319e+01
5.598785600000000073e+01
5.630499975000000745e+01
6.739178599999999619e+01
8.417392749999999069e+01
6.303107124999999655e+01
6.858357049999999333e+01
5.801178450000000453e+01
5.577142874999999833e+01
6.439571424999999749e+01
8.459321475000000135e+01
6.645285674999999515e+01
6.663000025000000903e+01
5.856892750000000092e+01
5.702428574999999711e+01
6.155428575000000535e+01
8.543107125000000224e+01
7.037214375000000643e+01
6.511571449999999572e+01
5.900142950000000752e+01
5.931821449999999629e+01
5.949928574999999853e+01
8.484392824999999050e+01
7.309571474999999907e+01
6.302357100000000401e+01
5.930107049999999447e+01
6.190142850000000152e+01
5.765642849999999697e+01
8.288107249999998771e+01
7.505642975000000661e+01
6.112678675000000084e+01
6.048964200000000346e+01
6.358499999999999375e+01
5.501678574999999682e+01
8.053250024999999823e+01
7.754857225000000653e+01
6.061928575000000308e+01
6.057249900000000764e+01
6.529678574999999796e+01
5.120428574999999682e+01
8.014500099999999350e+01
7.929428525000000150e+01
6.231535725000000525e+01
5.887928625000000693e+01
6.619785699999999906e+01
4.831571399999999983e+01
8.073928574999999341e+01
7.947642824999999789e+01
6.495535700000000645e+01
5.740785800000000449e+01
6.715035724999999900e+01
4.743857175000000126e+01
8.025250049999999646e+01
7.854571400000000381e+01
6.703749999999999432e+01
5.656178599999999790e+01
6.647428575000000706e+01
4.747607125000000394e+01
7.798500049999999817e+01
7.651000025000000448e+01
6.732357149999999990e+01
5.631392850000000294e+01
6.540142849999999441e+01
4.695035700000000389e+01
7.576821400000000040e+01
7.521678574999999967e+01
6.766071524999999554e+01
5.635464249999999709e+01
6.395214274999999304e+01
4.674999999999999289e+01
7.477642874999999378e+01
7.503499999999999659e+01
6.821785599999999761e+01
5.662714275000000441e+01
6.377857174999999756e+01
4.779428575000000734e+01
7.422357100000000685e+01
7.371071524999999269e+01
6.790214199999999778e+01
5.602000000000000313e+01
6.407321449999999174e+01
5.056464275000000441e+01
7.248749950000001263e+01
7.139357024999999624e+01
6.545107174999999700e+01
5.524964299999999895e+01
6.605821425000000602e+01
5.378499999999999659e+01
7.050178675000000794e+01
6.828678524999999411e+01
6.215749999999999886e+01
5.438178599999999818e+01
6.651535724999999388e+01
5.603500000000000369e+01
6.991642749999999751e+01
6.660035700000000247e+01
5.920071449999999658e+01
5.434285675000000282e+01
6.585285700000000020e+01
5.831857250000000192e+01
7.110107150000000331e+01
6.619499899999999570e+01
5.755499999999999972e+01
5.412750075000000294e+01
6.492071425000000318e+01
6.188285750000000007e+01
7.396857024999999908e+01
6.542892849999999783e+01
5.691392875000000373e+01
5.367321424999999380e+01
6.474142850000001204e+01
6.583821525000000463e+01
7.606107174999999643e+01
6.307857149999999535e+01
5.698714299999999611e+01
5.256785725000000298e+01
6.284107124999999883e+01
6.858107075000000918e+01
7.937821399999999983e+01
6.112607124999999542e+01
5.739178574999999682e+01
5.274392849999999555e+01
5.947964299999999582e+01
6.997928525000000377e+01
8.301464199999999494e+01
6.106249975000000063e+01
5.791500000000000625e+01
5.281714275000000214e+01
5.443892850000000294e+01
7.091714199999999835e+01
8.752642925000000673e+01
6.211428575000000762e+01
5.836071400000000153e+01
5.322964299999999582e+01
5.182964275000000498e+01
7.150749949999999444e+01
9.237821325000000172e+01
6.274892849999999100e+01
5.964749999999999375e+01
5.304714299999999838e+01
5.078892875000001084e+01
7.186107099999999548e+01
9.555535650000000203e+01
6.335428650000000061e+01
6.045428574999998972e+01
5.443000024999999908e+01
5.039107125000000309e+01
7.058750100000000316e+01
9.670785674999999060e+01
6.538642749999999637e+01
6.047571449999999516e+01
5.498892850000000010e+01
4.986142874999999464e+01
6.812107224999999744e+01
9.816071474999999680e+01
6.867857025000000704e+01
6.001035700000000617e+01
5.448785700000000531e+01
5.114714275000000754e+01
6.594214300000000151e+01
9.854357199999999750e+01
7.263071424999999692e+01
6.046892874999999634e+01
5.348857125000000678e+01
5.420892849999999896e+01
6.420285725000000809e+01
9.830000049999999590e+01
7.498250099999999918e+01
6.159250000000000114e+01
5.297107150000000075e+01
5.835500000000000398e+01
6.213464274999999759e+01
9.620714350000000081e+01
7.620785700000000418e+01
6.289107125000000309e+01
5.334357150000000303e+01
6.144892850000000095e+01
5.935714275000000129e+01
9.304857250000000590e+01
7.858607099999998979e+01
6.444500024999999255e+01
5.375535700000000361e+01
6.416178575000000706e+01
5.578535699999999764e+01
9.181428574999999626e+01
8.003321349999998802e+01
6.747571450000000937e+01
5.335214299999999810e+01
6.689571424999999749e+01
5.296892875000000345e+01
9.242571225000000368e+01
8.004000100000000373e+01
7.006857149999999024e+01
5.337749999999999773e+01
6.880678625000000181e+01
5.130785724999999786e+01
9.300250175000000752e+01
7.908107049999999560e+01
7.190178575000000194e+01
5.371178550000000484e+01
6.915357124999999883e+01
5.055357150000000388e+01
9.160499950000000524e+01
7.698999974999999552e+01
7.228249999999999886e+01
5.456178549999999916e+01
6.803285775000000513e+01
4.993535699999999622e+01
8.976035774999999717e+01
7.626749899999998661e+01
7.212214300000000833e+01
5.534178574999999967e+01
6.578142775000000597e+01
4.996249999999999858e+01
8.868357174999999870e+01
7.651642849999998930e+01
7.195642850000000124e+01
5.607214299999999696e+01
6.370642850000000124e+01
5.109678575000000222e+01
8.830107174999999131e+01
7.489928575000000421e+01
7.139857150000000274e+01
5.669678550000000428e+01
6.255928575000000080e+01
5.367428599999999506e+01
8.655357174999998904e+01
7.220321400000000267e+01
6.937964300000000151e+01
5.631321425000000147e+01
6.093714300000000605e+01
5.697285725000000411e+01
8.373142924999999082e+01
6.925178574999999626e+01
6.690678549999999802e+01
5.600571424999999692e+01
5.951535700000000162e+01
5.928964299999999810e+01
8.135642749999999523e+01
6.753035725000000866e+01
6.468535725000000980e+01
5.625214274999999731e+01
5.834857125000000622e+01
6.142500000000000426e+01
8.172749849999999583e+01
6.768428575000000080e+01
6.277142874999999833e+01
5.623107124999999940e+01
5.752428575000000421e+01
6.440714300000000492e+01
8.365321350000000677e+01
6.686285750000000405e+01
6.209428600000000387e+01
5.631857125000000508e+01
5.761678600000000472e+01
6.709214299999999298e+01
8.580535824999999761e+01
6.504607149999999649e+01
6.214107149999999535e+01
5.688785699999999679e+01
5.687250000000000227e+01
6.881464300000000378e+01
8.772428499999999474e+01
6.325035700000000105e+01
6.146535725000000383e+01
5.764785700000000190e+01
5.460535699999999792e+01
6.971892849999998987e+01
9.081606999999999630e+01
6.388964274999999304e+01
6.083464275000000043e+01
5.858821425000000715e+01
5.214642875000000544e+01
7.004500000000000171e+01
9.392178499999999985e+01
6.586964274999999702e+01
6.072571400000000352e+01
5.997214300000000264e+01
5.052642850000000152e+01
7.091964275000000839e+01
9.765464349999999172e+01
6.734892949999999701e+01
6.081749999999999545e+01
6.101249999999999574e+01
4.977999999999999403e+01
7.158857150000000047e+01
9.970785750000001713e+01
6.906071450000000311e+01
6.163714275000000242e+01
6.302571424999999294e+01
4.889571424999999749e+01
7.051535700000000872e+01
9.971607025000000135e+01
7.241964275000000839e+01
6.148000000000000398e+01
6.401464275000000725e+01
4.743035725000000014e+01
6.879607149999999649e+01
9.910214274999999873e+01
7.707428674999999885e+01
6.086642849999999783e+01
6.282750000000000057e+01
4.761107124999999485e+01
6.708178574999999455e+01
9.833464175000000296e+01
8.194071500000001151e+01
6.141107149999999137e+01
6.099428574999999597e+01
4.949321449999999345e+01
6.537499975000000063e+01
9.644321349999999882e+01
8.498607174999999359e+01
6.261928575000000308e+01
5.919642874999999549e+01
5.280250000000000199e+01
6.365428550000000740e+01
9.383321500000000981e+01
8.621999999999998465e+01
6.421071399999999585e+01
5.826857150000000019e+01
5.581714300000000861e+01
6.123607150000000132e+01
9.074392825000001039e+01
8.835857049999999902e+01
6.608285725000000355e+01
5.749321450000000056e+01
5.745928550000000712e+01
5.843928574999999626e+01
8.856142749999999353e+01
8.833249974999999665e+01
6.806750024999999482e+01
5.595035699999999679e+01
5.895821424999999749e+01
5.658000024999999766e+01
8.809928599999999221e+01
8.697749974999999267e+01
7.033321450000001107e+01
5.516071425000000517e+01
6.051285725000000326e+01
5.608678575000000421e+01
8.787535600000001068e+01
8.444035600000000841e+01
7.136214300000000321e+01
5.529214299999999582e+01
6.175249974999999836e+01
5.625714274999999986e+01
8.631535650000000714e+01
8.153000000000000114e+01
7.100857125000000281e+01
5.697642849999999726e+01
6.069857125000000053e+01
5.644214275000000214e+01
8.441714175000001319e+01
7.908535750000000064e+01
6.980785775000001081e+01
5.884928599999999221e+01
5.979428575000000023e+01
5.648999974999999552e+01
8.370142900000000452e+01
7.793999999999999773e+01
6.841999875000000486e+01
5.969964275000000242e+01
5.875500000000000256e+01
5.763428575000000365e+01
8.311785650000000203e+01
7.529749999999999943e+01
6.721142850000001090e+01
6.121571450000000425e+01
5.878214274999999134e+01
5.937392775000000000e+01
8.183535599999999022e+01
7.235428600000000188e+01
6.489464300000000208e+01
6.229214274999999645e+01
5.872178575000000933e+01
6.089499999999999602e+01
8.026785700000000645e+01
6.903285725000000639e+01
6.160178574999999768e+01
6.307107125000000281e+01
5.827642875000000089e+01
6.128678474999999537e+01
7.919392849999999839e+01
6.678750024999999368e+01
5.928821424999999579e+01
6.441428575000000478e+01
5.699321399999999471e+01
6.186499999999999488e+01
7.943714350000000479e+01
6.597392874999999890e+01
5.779000000000000625e+01
6.486107149999999422e+01
5.756964250000000050e+01
6.303035599999999761e+01
8.105357150000000388e+01
6.443964300000000378e+01
5.732178575000000365e+01
6.567749999999999488e+01
5.793071450000000056e+01
6.479714275000000612e+01
8.149392799999999681e+01
6.171928549999999802e+01
5.672750000000000625e+01
6.673892850000000010e+01
5.754392849999999981e+01
6.626500000000000057e+01
8.136500075000000720e+01
5.927785699999999736e+01
5.609464274999999844e+01
6.680392849999999783e+01
5.608428575000000649e+01
6.686285724999999047e+01
8.229142749999999751e+01
5.899499999999999034e+01
5.616178574999999995e+01
6.725821424999999465e+01
5.473928575000000052e+01
6.736571449999999572e+01
8.329178600000000188e+01
5.924214274999999219e+01
5.692428549999999632e+01
6.847428575000000706e+01
5.423071425000000545e+01
6.843964299999998957e+01
8.433428800000000081e+01
5.871750000000000114e+01
5.751642849999999640e+01
6.937892875000000004e+01
5.458178549999999518e+01
6.935892850000000465e+01
8.431642974999999751e+01
5.867178574999999796e+01
5.741285700000000247e+01
7.106785725000000298e+01
5.441928575000000023e+01
6.923999999999999488e+01
8.368642900000000395e+01
6.000678574999999881e+01
5.629857150000000132e+01
7.118678574999999853e+01
5.352571449999999942e+01
6.833857150000000047e+01
8.412321499999998764e+01
6.229071424999999351e+01
5.552714275000000299e+01
7.001749999999999829e+01
5.316500024999999852e+01
6.707535699999999679e+01
8.471357224999999858e+01
6.518821450000000084e+01
5.466357150000000331e+01
6.845642850000000124e+01
5.491892874999999918e+01
6.652750000000000341e+01
8.454035600000000272e+01
6.702214299999999980e+01
5.378607149999999848e+01
6.732571425000000431e+01
5.803571424999999806e+01
6.632178575000000365e+01
8.356892849999999839e+01
6.868964300000000378e+01
5.308821449999999942e+01
6.683250000000001023e+01
6.057785724999999388e+01
6.509035674999999799e+01
8.214785724999998706e+01
7.143035700000000077e+01
5.269071424999999920e+01
6.556178574999999853e+01
6.177285700000000190e+01
6.355857124999999996e+01
8.154107099999998809e+01
7.257964299999999014e+01
5.323178575000000023e+01
6.375892874999999549e+01
6.214285699999999224e+01
6.153642874999999890e+01
8.098428450000000112e+01
7.330071400000001347e+01
5.488000000000000256e+01
6.307035750000000007e+01
6.255428574999999114e+01
6.050107150000000189e+01
7.999785625000001232e+01
7.349249999999999261e+01
5.689892874999999606e+01
6.385678550000000087e+01
6.341178549999999348e+01
5.999178574999999114e+01
7.787428500000000042e+01
7.260642874999999208e+01
5.826857150000000019e+01
6.636285725000000468e+01
6.328750025000000079e+01
5.926642875000000288e+01
7.540892900000000054e+01
7.277999899999998945e+01
5.936678574999999825e+01
6.817607125000000678e+01
6.148000000000000398e+01
5.899642874999999975e+01
7.328428649999999323e+01
7.358250099999999350e+01
5.986214299999999611e+01
6.874607149999999933e+01
6.042499974999999779e+01
5.984607250000000533e+01
7.128785824999999932e+01
7.298964225000000283e+01
6.058500000000000085e+01
6.981607149999999251e+01
6.105178574999999341e+01
6.122821350000000251e+01
6.944714224999999885e+01
7.156892799999999966e+01
6.030285725000000241e+01
7.013785699999999679e+01
6.312214300000000122e+01
6.332464375000000700e+01
6.776857049999999560e+01
6.941071349999999995e+01
5.904321425000000545e+01
6.984607124999999428e+01
6.505750000000000455e+01
6.449464324999999576e+01
6.629857150000000843e+01
6.812000100000000202e+01
5.729928599999999506e+01
6.925178574999999626e+01
6.540749999999999886e+01
6.541607074999998872e+01
6.542821424999999635e+01
6.815964250000000391e+01
5.613321399999999528e+01
6.782178575000000365e+01
6.492107149999999649e+01
6.677500025000000505e+01
6.570357174999999472e+01
6.634857149999999137e+01
5.585428574999999540e+01
6.678000000000000114e+01
6.562678575000001047e+01
6.808142775000000313e+01
6.616750025000000335e+01
6.316142825000000016e+01
5.604392849999999981e+01
6.626821424999999977e+01
6.493999999999999773e+01
6.874107250000000136e+01
6.671107225000000085e+01
5.996642849999999925e+01
5.591392875000000373e+01
6.596321425000000715e+01
6.281571424999999920e+01
6.845357125000001020e+01
6.726428549999999973e+01
5.899285725000000014e+01
5.667928550000000598e+01
6.652857124999999883e+01
5.922607150000000331e+01
6.882857149999999535e+01
6.867785725000000241e+01
5.902214275000000043e+01
5.758214275000000271e+01
6.881000000000000227e+01
5.633035724999999871e+01
6.969749999999999091e+01
7.023857175000000552e+01
5.831642825000000130e+01
5.773750025000000363e+01
7.017464300000000321e+01
5.536035724999999275e+01
7.024535724999999786e+01
7.160071425000001000e+01
5.737321425000000374e+01
5.734428599999999676e+01
7.086107150000000843e+01
5.453142875000000345e+01
6.929214274999999645e+01
7.198357149999999649e+01
5.765535700000000219e+01
5.625178574999999626e+01
7.130928575000000080e+01
5.293428550000000143e+01
6.737714299999998957e+01
7.207785674999999515e+01
5.909535724999999928e+01
5.602178549999999291e+01
7.094178575000000819e+01
5.217464275000000384e+01
6.558607125000000337e+01
7.259321399999998903e+01
6.178571424999999806e+01
5.693678575000000563e+01
7.012428574999999853e+01
5.258607125000000337e+01
6.436464275000000157e+01
7.261642849999999783e+01
6.333642874999999606e+01
5.747928574999999540e+01
6.895285674999999515e+01
5.478142849999999697e+01
6.308250000000000313e+01
7.066642849999999498e+01
6.493464300000000833e+01
5.765607124999999655e+01
6.853250024999999823e+01
5.620464300000000435e+01
6.116749999999999687e+01
6.812642850000000294e+01
6.811857125000000224e+01
5.831250000000000000e+01
6.832785699999999451e+01
5.639178549999999746e+01
5.890821449999999970e+01
6.587428574999999853e+01
7.132892749999999182e+01
5.974964300000000605e+01
6.844535725000000070e+01
5.674357150000000161e+01
5.745642850000000124e+01
6.446321424999999294e+01
7.368642775000000711e+01
6.140107150000000047e+01
6.856821424999999692e+01
5.724035725000000241e+01
5.788571449999999174e+01
6.310571424999999834e+01
7.512250075000000038e+01
6.271785725000000156e+01
6.920071450000000368e+01
5.779750024999999880e+01
5.834714275000000328e+01
6.042999999999999972e+01
7.550749899999999570e+01
6.203392850000000180e+01
7.161750000000000682e+01
5.780392850000000493e+01
5.895357150000000246e+01
5.782214274999999049e+01
7.654178500000000440e+01
6.109035725000000383e+01
7.373749999999999716e+01
5.667107149999999649e+01
5.982321425000000659e+01
5.649357149999999450e+01
7.692214224999999317e+01
6.054642825000000528e+01
7.361571424999999635e+01
5.582107125000000281e+01
6.160642950000000440e+01
5.553392850000000180e+01
7.548928574999999341e+01
6.028392850000000180e+01
7.233750025000000505e+01
5.630464274999999930e+01
6.407892825000000414e+01
5.494071425000000630e+01
7.297249874999999975e+01
5.910999999999999943e+01
7.104035724999999957e+01
5.723250000000000171e+01
6.608107099999999434e+01
5.394964300000000890e+01
7.017964200000000119e+01
5.718035700000000077e+01
6.953178574999999739e+01
5.794250025000000193e+01
6.678964399999999557e+01
5.357535699999999679e+01
6.900071499999999958e+01
5.535178574999999768e+01
6.823607125000000906e+01
5.777107125000000565e+01
6.801571400000000267e+01
5.460499999999999687e+01
6.832785775000000683e+01
5.391857124999999940e+01
6.545107124999999826e+01
5.764321424999999977e+01
6.953571374999999932e+01
5.672392849999999953e+01
6.648249924999998939e+01
5.413464299999999696e+01
6.324142874999999719e+01
5.805107149999999905e+01
7.069142899999999941e+01
5.849571424999999181e+01
6.395571424999999977e+01
5.368392850000000038e+01
6.279571400000000381e+01
5.765142874999999378e+01
7.103214375000000302e+01
6.052142849999999896e+01
6.157821400000000978e+01
5.284571425000000033e+01
6.389071425000000204e+01
5.572285725000000411e+01
7.029500025000000107e+01
6.311678550000000598e+01
5.998392849999999754e+01
5.316499999999999915e+01
6.516285700000000247e+01
5.281285700000000105e+01
7.015749999999999886e+01
6.631535700000000588e+01
5.972500000000000853e+01
5.395000025000000221e+01
6.736250024999999653e+01
5.086285724999999758e+01
6.976678549999999746e+01
6.951071550000000343e+01
5.786321424999999863e+01
5.331892874999999776e+01
6.861785699999998656e+01
4.971785724999999445e+01
6.899071424999999635e+01
7.213249899999999570e+01
5.642142849999999754e+01
5.274285725000000014e+01
6.938464274999999759e+01
4.817249999999999943e+01
6.705249999999999488e+01
7.333178649999999266e+01
5.581000025000000164e+01
5.097500000000000142e+01
6.936821425000000829e+01
4.632857125000000309e+01
6.422035699999999281e+01
7.461500000000000909e+01
5.648571425000000090e+01
5.089178574999999682e+01
6.717499999999999716e+01
4.543535699999999622e+01
6.174678550000000143e+01
7.588821450000000368e+01
5.805071449999999800e+01
5.210107150000000331e+01
6.485607124999999940e+01
4.659178574999999967e+01
6.021642849999999925e+01
7.615642800000000534e+01
5.929392825000000045e+01
5.269678574999999654e+01
6.201321425000000431e+01
4.945035699999999679e+01
5.856035725000000269e+01
7.495107050000000015e+01
5.996500000000000341e+01
5.307178574999999654e+01
5.868571449999999601e+01
5.158642850000000379e+01
5.662678575000000336e+01
7.286285800000000279e+01
6.198500000000000654e+01
5.445571424999999977e+01
5.646642875000000572e+01
5.290928575000000222e+01
5.467035724999999502e+01
7.073999999999999488e+01
6.380749999999999744e+01
5.700428575000000109e+01
5.595642875000000060e+01
5.397785724999999957e+01
5.321071424999999522e+01
6.888071399999999755e+01
6.551642850000000351e+01
6.066035725000000411e+01
5.566142874999999890e+01
5.538285725000000070e+01
5.306857150000000445e+01
6.683107150000000729e+01
6.598928700000000447e+01
6.311464300000000094e+01
5.602714274999999589e+01
5.722464274999999390e+01
5.350142850000000294e+01
6.372714274999999873e+01
6.542464375000000132e+01
6.312107149999999933e+01
5.724499999999999744e+01
5.765571425000000261e+01
5.399678575000000080e+01
6.060964300000000549e+01
6.551392825000000641e+01
6.252714275000000299e+01
5.829357149999999876e+01
5.659000025000000278e+01
5.490142749999999694e+01
5.840785700000000702e+01
6.546964350000000366e+01
6.227821425000000488e+01
5.945535750000000519e+01
5.581321425000000147e+01
5.654392900000000566e+01
5.758928575000000194e+01
6.429035600000000272e+01
6.187821424999999920e+01
5.936642849999999783e+01
5.661500000000000199e+01
5.873321299999999923e+01
5.684857125000000622e+01
6.195750000000001023e+01
6.065035699999999963e+01
5.771964275000000555e+01
5.810607149999999876e+01
6.124035675000000367e+01
5.635249975000000688e+01
5.942607124999999968e+01
5.773500024999999880e+01
5.600428574999999398e+01
5.859142874999999862e+01
6.289214400000000182e+01
5.632892875000000288e+01
5.837535699999999395e+01
5.536285699999999821e+01
5.468500025000000164e+01
5.812392849999999811e+01
6.428321524999999781e+01
5.808642849999999669e+01
5.717678575000000762e+01
5.402178575000000649e+01
5.267678550000000115e+01
5.802607150000000047e+01
6.565785599999999533e+01
6.029607149999999649e+01
5.521035725000000127e+01
5.436571424999999635e+01
5.140214275000000299e+01
5.864000000000000057e+01
6.762071550000000286e+01
6.220071425000000431e+01
5.296607149999999820e+01
5.496714275000000072e+01
5.054749999999999943e+01
5.883821425000000715e+01
6.895214300000000662e+01
6.296357150000000047e+01
5.114857150000000274e+01
5.536499975000000262e+01
5.041392849999999726e+01
5.752964300000000009e+01
6.945821424999999749e+01
6.478964274999999873e+01
5.021000000000000085e+01
5.628857125000000394e+01
5.120892849999999896e+01
5.573571425000000090e+01
6.966607150000000104e+01
6.769642949999999360e+01
5.028392825000000244e+01
5.693928574999999626e+01
5.193607124999999769e+01
5.548142849999999981e+01
7.006499974999999836e+01
6.998678574999999569e+01
4.996535725000000383e+01
5.660000024999999368e+01
5.255785699999999849e+01
5.558321425000000460e+01
7.009428574999999739e+01
7.085750099999999918e+01
5.056749999999999545e+01
5.646785725000000156e+01
5.415607149999999592e+01
5.479464300000000065e+01
6.929857149999999422e+01
7.111499899999999741e+01
5.137928550000000172e+01
5.580285725000000241e+01
5.535178550000000541e+01
5.339928574999999711e+01
6.687285699999999622e+01
7.140928700000000617e+01
5.269178575000000109e+01
5.624749999999999517e+01
5.472392850000000664e+01
5.243178550000000371e+01
6.473178575000000023e+01
7.235678624999999897e+01
5.480214300000000094e+01
5.737571425000000147e+01
5.409750000000000369e+01
5.347107150000000075e+01
6.321000024999999312e+01
7.228999925000000815e+01
5.633071450000000624e+01
5.754071424999999351e+01
5.266714299999999582e+01
5.504785724999999985e+01
6.180428574999999825e+01
7.060000000000000853e+01
5.729107125000000167e+01
5.763857124999999826e+01
5.142499999999999716e+01
5.509857149999999848e+01
5.988357125000000281e+01
6.873535725000000696e+01
5.866571425000000062e+01
5.825499999999999545e+01
5.013999999999999346e+01
5.507392850000000806e+01
5.771857150000000303e+01
6.717142850000000465e+01
5.986321425000000573e+01
5.983678575000000421e+01
4.929071425000000062e+01
5.578107149999999592e+01
5.634285699999999508e+01
6.628142849999998987e+01
6.134571425000000033e+01
6.150178549999999689e+01
4.865250000000000341e+01
5.717714274999999446e+01
5.599928574999999853e+01
6.534285724999999445e+01
6.178535725000000411e+01
6.211035724999999985e+01
4.861000024999999880e+01
5.895607150000000019e+01
5.583035725000000582e+01
6.324321424999999408e+01
6.088142849999999839e+01
6.091035724999999701e+01
4.847107149999999365e+01
5.926499999999999346e+01
5.472928575000000251e+01
6.087464300000000605e+01
6.167750000000000199e+01
6.019071424999999920e+01
4.829392849999999981e+01
5.842107149999999649e+01
5.338857149999999763e+01
5.931642850000000067e+01
6.296071424999999522e+01
6.059285725000000866e+01
