-3.333200000000000052e-02
-9.416289999999999383e-02
0.000000000000000000e+00
0.000000000000000000e+00
0.000000000000000000e+00
-2.916549999999999698e-02
-3.999839999999999646e-02
-8.333000000000000129e-03
-2.916549999999999698e-02
-1.083290000000000121e-02
0.000000000000000000e+00
0.000000000000000000e+00
0.000000000000000000e+00
0.000000000000000000e+00
0.000000000000000000e+00
-4.166500000000000065e-03
0.000000000000000000e+00
0.000000000000000000e+00
0.000000000000000000e+00
0.000000000000000000e+00
0.000000000000000000e+00
0.000000000000000000e+00
-2.499899999999999779e-03
-9.999599999999999114e-03
0.000000000000000000e+00
0.000000000000000000e+00
-2.249910000000000104e-02
0.000000000000000000e+00
0.000000000000000000e+00
-2.166580000000000242e-02
0.000000000000000000e+00
0.000000000000000000e+00
0.000000000000000000e+00
-4.166500000000000065e-03
-1.749929999999999888e-02
-3.916510000000000130e-02
0.000000000000000000e+00
0.000000000000000000e+00
-1.666600000000000069e-03
0.000000000000000000e+00
-5.833100000000000784e-03
-4.166500000000000065e-03
-7.499699999999999769e-03
0.000000000000000000e+00
0.000000000000000000e+00
0.000000000000000000e+00
0.000000000000000000e+00
-2.249910000000000104e-02
-3.333200000000000138e-03
0.000000000000000000e+00
0.000000000000000000e+00
0.000000000000000000e+00
-3.333200000000000138e-03
0.000000000000000000e+00
0.000000000000000000e+00
0.000000000000000000e+00
0.000000000000000000e+00
0.000000000000000000e+00
-1.083290000000000121e-02
-1.666600000000000069e-03
0.000000000000000000e+00
0.000000000000000000e+00
0.000000000000000000e+00
-6.666400000000000277e-03
-2.416569999999999829e-02
-1.091623000000000038e-01
0.000000000000000000e+00
0.000000000000000000e+00
0.000000000000000000e+00
0.000000000000000000e+00
0.000000000000000000e+00
0.000000000000000000e+00
0.000000000000000000e+00
0.000000000000000000e+00
0.000000000000000000e+00
0.000000000000000000e+00
-4.166500000000000065e-03
-3.999839999999999646e-02
0.000000000000000000e+00
0.000000000000000000e+00
-3.999839999999999646e-02
-3.333200000000000052e-02
0.000000000000000000e+00
0.000000000000000000e+00
0.000000000000000000e+00
0.000000000000000000e+00
-1.499939999999999954e-02
-1.833260000000000167e-01
-3.333200000000000138e-03
0.000000000000000000e+00
-8.333000000000000346e-04
-2.749890000000000320e-02
-6.666400000000000277e-03
0.000000000000000000e+00
0.000000000000000000e+00
0.000000000000000000e+00
0.000000000000000000e+00
0.000000000000000000e+00
0.000000000000000000e+00
-1.249950000000000019e-02
-6.166420000000000234e-02
-2.499900000000000039e-02
-2.499899999999999779e-03
0.000000000000000000e+00
0.000000000000000000e+00
0.000000000000000000e+00
0.000000000000000000e+00
0.000000000000000000e+00
0.000000000000000000e+00
0.000000000000000000e+00
0.000000000000000000e+00
0.000000000000000000e+00
0.000000000000000000e+00
0.000000000000000000e+00
0.000000000000000000e+00
-2.499899999999999779e-03
-3.333200000000000138e-03
0.000000000000000000e+00
0.000000000000000000e+00
0.000000000000000000e+00
0.000000000000000000e+00
-4.999800000000000078e-02
1.166620000000000157e-02
1.499939999999999954e-02
1.166620000000000157e-02
1.916589999999999960e-02
-3.916510000000000130e-02
1.583270000000000163e-02
1.583270000000000163e-02
-3.499859999999999777e-02
1.416610000000000091e-02
-8.333000000000000346e-04
-1.166620000000000157e-02
1.499939999999999954e-02
1.499939999999999954e-02
1.583270000000000163e-02
1.166620000000000157e-02
1.249950000000000019e-02
1.333280000000000055e-02
1.499939999999999954e-02
1.166620000000000157e-02
1.666600000000000026e-02
-2.833220000000000183e-02
1.583270000000000163e-02
1.583270000000000163e-02
1.833260000000000098e-02
1.583270000000000163e-02
1.583270000000000163e-02
-7.499699999999999769e-03
1.666600000000000026e-02
1.666600000000000026e-02
1.666600000000000026e-02
1.999919999999999823e-02
1.083290000000000121e-02
1.583270000000000163e-02
1.583270000000000163e-02
1.833260000000000098e-02
1.666600000000000026e-02
1.666600000000000026e-02
1.749929999999999888e-02
1.916589999999999960e-02
1.833260000000000098e-02
1.916589999999999960e-02
2.083250000000000032e-02
-9.166300000000000489e-03
1.749929999999999888e-02
1.833260000000000098e-02
-1.166620000000000157e-02
1.999919999999999823e-02
1.833260000000000098e-02
1.749929999999999888e-02
1.999919999999999823e-02
1.833260000000000098e-02
4.166500000000000065e-03
1.833260000000000098e-02
1.749929999999999888e-02
1.916589999999999960e-02
2.083250000000000032e-02
1.916589999999999960e-02
-3.083210000000000117e-02
1.333280000000000055e-02
2.249910000000000104e-02
1.499939999999999954e-02
4.999799999999999557e-03
1.583270000000000163e-02
1.499939999999999954e-02
-1.666600000000000069e-03
1.416610000000000091e-02
1.749929999999999888e-02
1.499939999999999954e-02
1.833260000000000098e-02
1.916589999999999960e-02
2.166580000000000242e-02
1.999919999999999823e-02
1.666600000000000026e-02
1.999919999999999823e-02
2.166580000000000242e-02
2.083250000000000032e-02
1.999919999999999823e-02
2.333240000000000314e-02
1.749929999999999888e-02
5.833100000000000784e-03
1.333280000000000055e-02
-1.166620000000000157e-02
3.333200000000000138e-03
1.583270000000000163e-02
1.749929999999999888e-02
1.749929999999999888e-02
9.166300000000000489e-03
7.499699999999999769e-03
1.583270000000000163e-02
1.583270000000000163e-02
1.749929999999999888e-02
1.666600000000000026e-02
1.916589999999999960e-02
1.083290000000000121e-02
9.166300000000000489e-03
1.666600000000000026e-02
1.583270000000000163e-02
1.333280000000000055e-02
7.499699999999999769e-03
1.583270000000000163e-02
1.333280000000000055e-02
-6.333080000000000653e-02
1.416610000000000091e-02
1.416610000000000091e-02
1.333280000000000055e-02
1.583270000000000163e-02
1.666600000000000026e-02
1.416610000000000091e-02
9.166300000000000489e-03
-7.416369999999999907e-02
2.083250000000000032e-02
1.416610000000000091e-02
1.416610000000000091e-02
1.499939999999999954e-02
1.499939999999999954e-02
1.499939999999999954e-02
1.416610000000000091e-02
1.416610000000000091e-02
9.999599999999999114e-03
1.416610000000000091e-02
-7.416369999999999907e-02
1.333280000000000055e-02
1.583270000000000163e-02
1.166620000000000157e-02
-3.249869999999999842e-02
-3.249869999999999842e-02
1.249950000000000019e-02
-5.999759999999999815e-02
1.249950000000000019e-02
1.166620000000000157e-02
1.083290000000000121e-02
1.416610000000000091e-02
1.416610000000000091e-02
1.249950000000000019e-02
1.083290000000000121e-02
1.166620000000000157e-02
1.249950000000000019e-02
1.083290000000000121e-02
9.999599999999999114e-03
9.999599999999999114e-03
1.083290000000000121e-02
9.999599999999999114e-03
9.166300000000000489e-03
9.166300000000000489e-03
9.999599999999999114e-03
9.999599999999999114e-03
7.499699999999999769e-03
8.333000000000000129e-03
-3.333200000000000052e-02
0.000000000000000000e+00
8.333000000000000129e-03
8.333000000000000129e-03
8.333000000000000129e-03
9.999599999999999114e-03
9.166300000000000489e-03
8.333000000000000129e-03
-1.249950000000000019e-02
-1.874925000000000064e-01
-4.166500000000000065e-03
8.333000000000000129e-03
8.333000000000000129e-03
9.999599999999999114e-03
7.499699999999999769e-03
6.666400000000000277e-03
5.833100000000000784e-03
1.666600000000000069e-03
8.333000000000000129e-03
6.666400000000000277e-03
-2.249910000000000104e-02
-1.599935999999999858e-01
-4.416489999999999999e-02
4.166500000000000065e-03
6.666400000000000277e-03
6.666400000000000277e-03
5.833100000000000784e-03
2.499899999999999779e-03
8.333000000000000129e-03
5.833100000000000784e-03
-2.583229999999999901e-02
4.166500000000000065e-03
6.666400000000000277e-03
5.833100000000000784e-03
5.833100000000000784e-03
-5.666440000000000365e-02
-6.083090000000000025e-02
0.000000000000000000e+00
0.000000000000000000e+00
0.000000000000000000e+00
0.000000000000000000e+00
-9.332960000000001255e-02
-2.499899999999999779e-03
-3.333200000000000138e-03
-2.166580000000000242e-02
0.000000000000000000e+00
0.000000000000000000e+00
0.000000000000000000e+00
0.000000000000000000e+00
0.000000000000000000e+00
0.000000000000000000e+00
-2.333240000000000314e-02
0.000000000000000000e+00
-5.833099999999999397e-02
-4.999800000000000078e-02
0.000000000000000000e+00
0.000000000000000000e+00
0.000000000000000000e+00
0.000000000000000000e+00
0.000000000000000000e+00
-2.083250000000000032e-02
0.000000000000000000e+00
0.000000000000000000e+00
0.000000000000000000e+00
0.000000000000000000e+00
0.000000000000000000e+00
0.000000000000000000e+00
0.000000000000000000e+00
0.000000000000000000e+00
0.000000000000000000e+00
0.000000000000000000e+00
0.000000000000000000e+00
0.000000000000000000e+00
0.000000000000000000e+00
0.000000000000000000e+00
-2.666560000000000111e-02
-1.499939999999999954e-02
0.000000000000000000e+00
-1.666600000000000026e-02
0.000000000000000000e+00
0.000000000000000000e+00
-3.333200000000000138e-03
-6.249749999999999750e-02
0.000000000000000000e+00
0.000000000000000000e+00
0.000000000000000000e+00
-1.166620000000000157e-02
0.000000000000000000e+00
0.000000000000000000e+00
-4.999799999999999557e-03
0.000000000000000000e+00
0.000000000000000000e+00
-6.749730000000001007e-02
-8.333000000000000129e-03
0.000000000000000000e+00
