15.01
13.39
11.4
16.46
24.69
53.75
162.97
263.83
165.86
88.61
38.85
19.59
15.01
13.39
11.4
16.46
24.69
53.75
162.97
263.83
165.86
88.61
38.85
19.59
15.01
13.39
11.4
16.46
24.69
53.75
162.97
263.83
165.86
88.61
38.85
19.59
15.01
13.39
11.4
16.46
24.69
53.75
162.97
263.83
165.86
88.61
38.85
19.59
15.01
13.39
11.4
16.46
24.69
53.75
162.97
263.83
165.86
88.61
38.85
19.59
15.01
13.39
11.4
16.46
24.69
53.75
162.97
263.83
165.86
88.61
38.85
19.59
15.01
13.39
11.4
16.46
24.69
53.75
162.97
263.83
165.86
88.61
38.85
19.59
15.01
13.39
11.4
16.46
24.69
53.75
162.97
263.83
165.86
88.61
38.85
19.59
15.01
13.39
11.4
16.46
24.69
53.75
162.97
263.83
165.86
88.61
38.85
19.59
15.01
13.39
11.4
16.46
24.69
53.75
162.97
263.83
165.86
88.61
38.85
19.59
15.01
13.39
11.4
16.46
24.69
53.75
162.97
263.83
165.86
88.61
38.85
19.59
15.01
13.39
11.4
16.46
24.69
53.75
162.97
263.83
165.86
88.61
38.85
19.59
