98.77
56.58
15.43
100.0
102.0
102.0
29.84
54.53
48.35
75.62
105.45
104.42
98.77
56.58
15.43
100.0
102.0
102.0
29.84
54.53
48.35
75.62
105.45
104.42
98.77
56.58
15.43
100.0
102.0
102.0
29.84
54.53
48.35
75.62
105.45
104.42
98.77
56.58
15.43
100.0
102.0
102.0
29.84
54.53
48.35
75.62
105.45
104.42
98.77
56.58
15.43
100.0
102.0
102.0
29.84
54.53
48.35
75.62
105.45
104.42
98.77
56.58
15.43
100.0
102.0
102.0
29.84
54.53
48.35
75.62
105.45
104.42
98.77
56.58
15.43
100.0
102.0
102.0
29.84
54.53
48.35
75.62
105.45
104.42
98.77
56.58
15.43
100.0
102.0
102.0
29.84
54.53
48.35
75.62
105.45
104.42
98.77
56.58
15.43
100.0
102.0
102.0
29.84
54.53
48.35
75.62
105.45
104.42
98.77
56.58
15.43
100.0
102.0
102.0
29.84
54.53
48.35
75.62
105.45
104.42
98.77
56.58
15.43
100.0
102.0
102.0
29.84
54.53
48.35
75.62
105.45
104.42
98.77
56.58
15.43
100.0
102.0
102.0
29.84
54.53
48.35
75.62
105.45
104.42
