53.61
47.81
40.7
58.8
88.19
191.98
582.05
942.25
592.34
316.45
138.75
69.97
53.61
47.81
40.7
58.8
88.19
191.98
582.05
942.25
592.34
316.45
138.75
69.97
53.61
47.81
40.7
58.8
88.19
191.98
582.05
942.25
592.34
316.45
138.75
69.97
53.61
47.81
40.7
58.8
88.19
191.98
582.05
942.25
592.34
316.45
138.75
69.97
53.61
47.81
40.7
58.8
88.19
191.98
582.05
942.25
592.34
316.45
138.75
69.97
53.61
47.81
40.7
58.8
88.19
191.98
582.05
942.25
592.34
316.45
138.75
69.97
53.61
47.81
40.7
58.8
88.19
191.98
582.05
942.25
592.34
316.45
138.75
69.97
53.61
47.81
40.7
58.8
88.19
191.98
582.05
942.25
592.34
316.45
138.75
69.97
53.61
47.81
40.7
58.8
88.19
191.98
582.05
942.25
592.34
316.45
138.75
69.97
53.61
47.81
40.7
58.8
88.19
191.98
582.05
942.25
592.34
316.45
138.75
69.97
53.61
47.81
40.7
58.8
88.19
191.98
582.05
942.25
592.34
316.45
138.75
69.97
53.61
47.81
40.7
58.8
88.19
191.98
582.05
942.25
592.34
316.45
138.75
69.97
