172.0
172.0
172.0
172.0
172.0
172.0
1148.0
1148.0
1148.0
1148.0
1148.0
1148.0
897.0
897.0
897.0
897.0
897.0
897.0
501.0
501.0
501.0
501.0
501.0
501.0
359.0
359.0
359.0
359.0
359.0
359.0
884.0
884.0
884.0
884.0
884.0
884.0
2660.0
2660.0
2660.0
2660.0
2660.0
2660.0
1179.0
1179.0
1179.0
1179.0
1179.0
1179.0
1217.0
1217.0
1217.0
1217.0
1217.0
1217.0
988.0
988.0
988.0
988.0
988.0
988.0
779.0
779.0
779.0
779.0
779.0
779.0
642.0
642.0
642.0
642.0
642.0
642.0
609.0
609.0
609.0
609.0
609.0
609.0
584.0
584.0
584.0
584.0
584.0
584.0
524.0
524.0
524.0
524.0
524.0
524.0
480.0
480.0
480.0
480.0
480.0
480.0
419.0
419.0
419.0
419.0
419.0
419.0
436.0
436.0
436.0
436.0
436.0
436.0
413.0
413.0
413.0
413.0
413.0
413.0
372.0
372.0
372.0
372.0
372.0
372.0
357.0
357.0
357.0
357.0
357.0
357.0
355.0
355.0
355.0
355.0
355.0
355.0
356.0
356.0
356.0
356.0
356.0
356.0
420.0
420.0
420.0
420.0
420.0
420.0
418.0
418.0
418.0
418.0
418.0
418.0
365.0
365.0
365.0
365.0
365.0
365.0
360.0
360.0
360.0
360.0
360.0
360.0
433.0
433.0
433.0
433.0
433.0
433.0
364.0
364.0
364.0
364.0
364.0
364.0
497.0
497.0
497.0
497.0
497.0
497.0
597.0
597.0
597.0
597.0
597.0
597.0
378.0
378.0
378.0
378.0
378.0
378.0
374.0
374.0
374.0
374.0
374.0
374.0
359.0
359.0
359.0
359.0
359.0
359.0
485.0
485.0
485.0
485.0
485.0
485.0
1459.0
1459.0
1459.0
1459.0
1459.0
1459.0
766.0
766.0
766.0
766.0
766.0
766.0
590.0
590.0
590.0
590.0
590.0
590.0
587.0
587.0
587.0
587.0
587.0
587.0
539.0
539.0
539.0
539.0
539.0
539.0
466.0
466.0
466.0
466.0
466.0
466.0
511.0
511.0
511.0
511.0
511.0
511.0
487.0
487.0
487.0
487.0
487.0
487.0
460.0
460.0
460.0
460.0
460.0
460.0
370.0
370.0
370.0
370.0
370.0
370.0
395.0
395.0
395.0
395.0
395.0
395.0
342.0
342.0
342.0
342.0
342.0
342.0
394.0
394.0
394.0
394.0
394.0
394.0
550.0
550.0
550.0
550.0
550.0
550.0
441.0
441.0
441.0
441.0
441.0
441.0
368.0
368.0
368.0
368.0
368.0
368.0
314.0
314.0
314.0
314.0
314.0
314.0
338.0
338.0
338.0
338.0
338.0
338.0
338.0
338.0
338.0
338.0
338.0
338.0
338.0
338.0
338.0
338.0
338.0
338.0
290.0
290.0
290.0
290.0
290.0
290.0
300.0
300.0
300.0
300.0
300.0
300.0
306.0
306.0
306.0
306.0
306.0
306.0
346.0
346.0
346.0
346.0
346.0
346.0
476.0
476.0
476.0
476.0
476.0
476.0
380.0
380.0
380.0
380.0
380.0
380.0
337.0
337.0
337.0
337.0
337.0
337.0
300.0
300.0
300.0
300.0
300.0
300.0
288.0
288.0
288.0
288.0
288.0
288.0
340.0
340.0
340.0
340.0
340.0
340.0
394.0
394.0
394.0
394.0
394.0
394.0
597.0
597.0
597.0
597.0
597.0
597.0
956.0
956.0
956.0
956.0
956.0
956.0
546.0
546.0
546.0
546.0
546.0
546.0
381.0
381.0
381.0
381.0
381.0
381.0
349.0
349.0
349.0
349.0
349.0
349.0
322.0
322.0
322.0
322.0
322.0
322.0
307.0
307.0
307.0
307.0
307.0
307.0
301.0
301.0
301.0
301.0
301.0
301.0
300.0
300.0
300.0
300.0
300.0
300.0
303.0
303.0
303.0
303.0
303.0
303.0
353.0
353.0
353.0
353.0
353.0
353.0
975.0
975.0
975.0
975.0
975.0
975.0
1123.0
1123.0
1123.0
1123.0
1123.0
1123.0
1256.0
1256.0
1256.0
1256.0
1256.0
1256.0
959.0
959.0
959.0
959.0
959.0
959.0
1324.0
1324.0
1324.0
1324.0
1324.0
1324.0
2128.0
2128.0
2128.0
2128.0
2128.0
2128.0
1182.0
1182.0
1182.0
1182.0
1182.0
1182.0
1015.0
1015.0
1015.0
1015.0
1015.0
1015.0
912.0
912.0
912.0
912.0
912.0
912.0
945.0
945.0
945.0
945.0
945.0
945.0
6491.0
6491.0
6491.0
6491.0
6491.0
6491.0
3946.0
3946.0
3946.0
3946.0
3946.0
3946.0
2024.0
2024.0
2024.0
2024.0
2024.0
2024.0
1777.0
1777.0
1777.0
1777.0
1777.0
1777.0
2711.0
2711.0
2711.0
2711.0
2711.0
2711.0
1584.0
1584.0
1584.0
1584.0
1584.0
1584.0
1246.0
1246.0
1246.0
1246.0
1246.0
1246.0
976.0
976.0
976.0
976.0
976.0
976.0
810.0
810.0
810.0
810.0
810.0
810.0
755.0
755.0
755.0
755.0
755.0
755.0
681.0
681.0
681.0
681.0
681.0
681.0
593.0
593.0
593.0
593.0
593.0
593.0
579.0
579.0
579.0
579.0
579.0
579.0
762.0
762.0
762.0
762.0
762.0
762.0
762.0
762.0
762.0
762.0
762.0
762.0
762.0
762.0
762.0
762.0
762.0
762.0
762.0
762.0
762.0
762.0
762.0
762.0
762.0
762.0
762.0
762.0
762.0
762.0
762.0
762.0
762.0
762.0
762.0
762.0
762.0
762.0
762.0
762.0
762.0
762.0
579.0
579.0
579.0
579.0
579.0
579.0
538.0
538.0
538.0
538.0
538.0
538.0
498.0
498.0
498.0
498.0
498.0
498.0
452.0
452.0
452.0
452.0
452.0
452.0
410.0
410.0
410.0
410.0
410.0
410.0
369.0
369.0
369.0
369.0
369.0
369.0
335.0
335.0
335.0
335.0
335.0
335.0
303.0
303.0
303.0
303.0
303.0
303.0
292.0
292.0
292.0
292.0
292.0
292.0
303.0
303.0
303.0
303.0
303.0
303.0
299.0
299.0
299.0
299.0
299.0
299.0
264.0
264.0
264.0
264.0
264.0
264.0
241.0
241.0
241.0
241.0
241.0
241.0
224.0
224.0
224.0
224.0
224.0
224.0
1249.0
1249.0
1249.0
1249.0
1249.0
1249.0
2528.0
2528.0
2528.0
2528.0
2528.0
2528.0
908.0
908.0
908.0
908.0
908.0
908.0
600.0
600.0
600.0
600.0
600.0
600.0
484.0
484.0
484.0
484.0
484.0
484.0
500.0
500.0
500.0
500.0
500.0
500.0
518.0
518.0
518.0
518.0
518.0
518.0
416.0
416.0
416.0
416.0
416.0
416.0
410.0
410.0
410.0
410.0
410.0
410.0
832.0
832.0
832.0
832.0
832.0
832.0
3138.0
3138.0
3138.0
3138.0
3138.0
3138.0
5727.0
5727.0
5727.0
5727.0
5727.0
5727.0
8042.0
8042.0
8042.0
8042.0
8042.0
8042.0
3701.0
3701.0
3701.0
3701.0
3701.0
3701.0
2148.0
2148.0
2148.0
2148.0
2148.0
2148.0
1523.0
1523.0
1523.0
1523.0
1523.0
1523.0
1171.0
1171.0
1171.0
1171.0
1171.0
1171.0
917.0
917.0
917.0
917.0
917.0
917.0
755.0
755.0
755.0
755.0
755.0
755.0
658.0
658.0
658.0
658.0
658.0
658.0
593.0
593.0
593.0
593.0
593.0
593.0
545.0
545.0
545.0
545.0
545.0
545.0
478.0
478.0
478.0
478.0
478.0
478.0
422.0
422.0
422.0
422.0
422.0
422.0
379.0
379.0
379.0
379.0
379.0
379.0
352.0
352.0
352.0
352.0
352.0
352.0
324.0
324.0
324.0
324.0
324.0
324.0
299.0
299.0
299.0
299.0
299.0
299.0
268.0
268.0
268.0
268.0
268.0
268.0
254.0
254.0
254.0
254.0
254.0
254.0
236.0
236.0
236.0
236.0
236.0
236.0
227.0
227.0
227.0
227.0
227.0
227.0
212.0
212.0
212.0
212.0
212.0
212.0
189.0
189.0
189.0
189.0
189.0
189.0
184.0
184.0
184.0
184.0
184.0
184.0
168.0
168.0
168.0
168.0
168.0
168.0
142.0
142.0
142.0
142.0
142.0
142.0
192.0
192.0
192.0
192.0
192.0
192.0
213.0
213.0
213.0
213.0
213.0
213.0
157.0
157.0
157.0
157.0
157.0
157.0
129.0
129.0
129.0
129.0
129.0
129.0
119.0
119.0
119.0
119.0
119.0
119.0
108.0
108.0
108.0
108.0
108.0
108.0
119.0
119.0
119.0
119.0
119.0
119.0
218.0
218.0
218.0
218.0
218.0
218.0
241.0
241.0
241.0
241.0
241.0
241.0
500.0
500.0
500.0
500.0
500.0
500.0
737.0
737.0
737.0
737.0
737.0
737.0
265.0
265.0
265.0
265.0
265.0
265.0
168.0
168.0
168.0
168.0
168.0
168.0
168.0
168.0
168.0
168.0
168.0
168.0
168.0
168.0
168.0
168.0
168.0
168.0
168.0
168.0
168.0
168.0
168.0
168.0
168.0
168.0
168.0
168.0
168.0
168.0
168.0
168.0
168.0
168.0
168.0
168.0
168.0
168.0
168.0
168.0
168.0
168.0
131.0
131.0
131.0
131.0
131.0
131.0
119.0
119.0
119.0
119.0
119.0
119.0
94.0
94.0
94.0
94.0
94.0
94.0
97.0
97.0
97.0
97.0
97.0
97.0
94.0
94.0
94.0
94.0
94.0
94.0
88.0
88.0
88.0
88.0
88.0
88.0
87.0
87.0
87.0
87.0
87.0
87.0
79.0
79.0
79.0
79.0
79.0
79.0
70.0
70.0
70.0
70.0
70.0
70.0
64.0
64.0
64.0
64.0
64.0
64.0
64.0
64.0
64.0
64.0
64.0
64.0
85.0
85.0
85.0
85.0
85.0
85.0
94.0
94.0
94.0
94.0
94.0
94.0
87.0
87.0
87.0
87.0
87.0
87.0
72.0
72.0
72.0
72.0
72.0
72.0
67.0
67.0
67.0
67.0
67.0
67.0
53.0
53.0
53.0
53.0
53.0
53.0
52.0
52.0
52.0
52.0
52.0
52.0
64.0
64.0
64.0
64.0
64.0
64.0
53.0
53.0
53.0
53.0
53.0
53.0
53.0
53.0
53.0
53.0
53.0
53.0
53.0
53.0
53.0
53.0
53.0
53.0
53.0
53.0
53.0
53.0
53.0
53.0
53.0
53.0
53.0
53.0
53.0
53.0
53.0
53.0
53.0
53.0
53.0
53.0
152.0
152.0
152.0
152.0
152.0
152.0
152.0
152.0
152.0
152.0
152.0
152.0
152.0
152.0
152.0
152.0
152.0
152.0
529.0
529.0
529.0
529.0
529.0
529.0
230.0
230.0
230.0
230.0
230.0
230.0
116.0
116.0
116.0
116.0
116.0
116.0
85.0
85.0
85.0
85.0
85.0
85.0
73.0
73.0
73.0
73.0
73.0
73.0
55.0
55.0
55.0
55.0
55.0
55.0
47.0
47.0
47.0
47.0
47.0
47.0
35.0
35.0
35.0
35.0
35.0
35.0
193.0
193.0
193.0
193.0
193.0
193.0
155.0
155.0
155.0
155.0
155.0
155.0
175.0
175.0
175.0
175.0
175.0
175.0
176.0
176.0
176.0
176.0
176.0
176.0
224.0
224.0
224.0
224.0
224.0
224.0
201.0
201.0
201.0
201.0
201.0
201.0
510.0
510.0
510.0
510.0
510.0
510.0
320.0
320.0
320.0
320.0
320.0
320.0
249.0
249.0
249.0
249.0
249.0
249.0
112.0
112.0
112.0
112.0
112.0
112.0
71.0
71.0
71.0
71.0
71.0
71.0
106.0
106.0
106.0
106.0
106.0
106.0
81.0
81.0
81.0
81.0
81.0
81.0
74.0
74.0
74.0
74.0
74.0
74.0
75.0
75.0
75.0
75.0
75.0
75.0
76.0
76.0
76.0
76.0
76.0
76.0
75.0
75.0
75.0
75.0
75.0
75.0
75.0
75.0
75.0
75.0
75.0
75.0
76.0
76.0
76.0
76.0
76.0
76.0
76.0
76.0
76.0
76.0
76.0
76.0
75.0
75.0
75.0
75.0
75.0
75.0
76.0
76.0
76.0
76.0
76.0
76.0
75.0
75.0
75.0
75.0
75.0
75.0
75.0
75.0
75.0
75.0
75.0
75.0
74.0
74.0
74.0
74.0
74.0
74.0
74.0
74.0
74.0
74.0
74.0
74.0
74.0
74.0
74.0
74.0
74.0
74.0
76.0
76.0
76.0
76.0
76.0
76.0
76.0
76.0
76.0
76.0
76.0
76.0
76.0
76.0
76.0
76.0
76.0
76.0
76.0
76.0
76.0
76.0
76.0
76.0
166.0
166.0
166.0
166.0
166.0
166.0
166.0
166.0
166.0
166.0
166.0
166.0
166.0
166.0
166.0
166.0
166.0
166.0
166.0
166.0
166.0
166.0
166.0
166.0
150.0
150.0
150.0
150.0
150.0
150.0
150.0
150.0
150.0
150.0
150.0
150.0
150.0
150.0
150.0
150.0
150.0
150.0
150.0
150.0
150.0
150.0
150.0
150.0
150.0
150.0
150.0
150.0
150.0
150.0
150.0
150.0
150.0
150.0
150.0
150.0
65.0
65.0
65.0
65.0
65.0
65.0
65.0
65.0
65.0
65.0
65.0
65.0
66.0
66.0
66.0
66.0
66.0
66.0
65.0
65.0
65.0
65.0
65.0
65.0
65.0
65.0
65.0
65.0
65.0
65.0
65.0
65.0
65.0
65.0
65.0
65.0
65.0
65.0
65.0
65.0
65.0
65.0
64.0
64.0
64.0
64.0
64.0
64.0
64.0
64.0
64.0
64.0
64.0
64.0
65.0
65.0
65.0
65.0
65.0
65.0
65.0
65.0
65.0
65.0
65.0
65.0
56.0
56.0
56.0
56.0
56.0
56.0
44.0
44.0
44.0
44.0
44.0
44.0
60.0
60.0
60.0
60.0
60.0
60.0
26.0
26.0
26.0
26.0
26.0
26.0
30.0
30.0
30.0
30.0
30.0
30.0
35.0
35.0
35.0
35.0
35.0
35.0
87.0
87.0
87.0
87.0
87.0
87.0
77.0
77.0
77.0
77.0
77.0
77.0
88.0
88.0
88.0
88.0
88.0
88.0
18.0
18.0
18.0
18.0
18.0
18.0
13.0
13.0
13.0
13.0
13.0
13.0
12.0
12.0
12.0
12.0
12.0
12.0
23.0
23.0
23.0
23.0
23.0
23.0
26.0
26.0
26.0
26.0
26.0
26.0
1675.0
1675.0
1675.0
1675.0
1675.0
1675.0
1523.0
1523.0
1523.0
1523.0
1523.0
1523.0
402.0
402.0
402.0
402.0
402.0
402.0
221.0
221.0
221.0
221.0
221.0
221.0
137.0
137.0
137.0
137.0
137.0
137.0
99.0
99.0
99.0
99.0
99.0
99.0
82.0
82.0
82.0
82.0
82.0
82.0
75.0
75.0
75.0
75.0
75.0
75.0
59.0
59.0
59.0
59.0
59.0
59.0
46.0
46.0
46.0
46.0
46.0
46.0
34.0
34.0
34.0
34.0
34.0
34.0
85.0
85.0
85.0
85.0
85.0
85.0
9596.0
9596.0
9596.0
9596.0
9596.0
9596.0
12048.0
12048.0
12048.0
12048.0
12048.0
12048.0
2787.0
2787.0
2787.0
2787.0
2787.0
2787.0
1432.0
1432.0
1432.0
1432.0
1432.0
1432.0
1066.0
1066.0
1066.0
1066.0
1066.0
1066.0
838.0
838.0
838.0
838.0
838.0
838.0
685.0
685.0
685.0
685.0
685.0
685.0
579.0
579.0
579.0
579.0
579.0
579.0
533.0
533.0
533.0
533.0
533.0
533.0
609.0
609.0
609.0
609.0
609.0
609.0
1142.0
1142.0
1142.0
1142.0
1142.0
1142.0
685.0
685.0
685.0
685.0
685.0
685.0
375.0
375.0
375.0
375.0
375.0
375.0
318.0
318.0
318.0
318.0
318.0
318.0
7174.0
7174.0
7174.0
7174.0
7174.0
7174.0
8194.0
8194.0
8194.0
8194.0
8194.0
8194.0
1752.0
1752.0
1752.0
1752.0
1752.0
1752.0
1162.0
1162.0
1162.0
1162.0
1162.0
1162.0
917.0
917.0
917.0
917.0
917.0
917.0
819.0
819.0
819.0
819.0
819.0
819.0
2696.0
2696.0
2696.0
2696.0
2696.0
2696.0
2361.0
2361.0
2361.0
2361.0
2361.0
2361.0
1506.0
1506.0
1506.0
1506.0
1506.0
1506.0
8332.0
8332.0
8332.0
8332.0
8332.0
8332.0
4021.0
4021.0
4021.0
4021.0
4021.0
4021.0
2132.0
2132.0
2132.0
2132.0
2132.0
2132.0
1485.0
1485.0
1485.0
1485.0
1485.0
1485.0
1191.0
1191.0
1191.0
1191.0
1191.0
1191.0
1011.0
1011.0
1011.0
1011.0
1011.0
1011.0
893.0
893.0
893.0
893.0
893.0
893.0
900.0
900.0
900.0
900.0
900.0
900.0
844.0
844.0
844.0
844.0
844.0
844.0
5346.0
5346.0
5346.0
5346.0
5346.0
5346.0
7204.0
7204.0
7204.0
7204.0
7204.0
7204.0
2011.0
2011.0
2011.0
2011.0
2011.0
2011.0
1485.0
1485.0
1485.0
1485.0
1485.0
1485.0
1153.0
1153.0
1153.0
1153.0
1153.0
1153.0
1011.0
1011.0
1011.0
1011.0
1011.0
1011.0
941.0
941.0
941.0
941.0
941.0
941.0
1011.0
1011.0
1011.0
1011.0
1011.0
1011.0
950.0
950.0
950.0
950.0
950.0
950.0
608.0
608.0
608.0
608.0
608.0
608.0
503.0
503.0
503.0
503.0
503.0
503.0
503.0
503.0
503.0
503.0
503.0
503.0
487.0
487.0
487.0
487.0
487.0
487.0
472.0
472.0
472.0
472.0
472.0
472.0
457.0
457.0
457.0
457.0
457.0
457.0
442.0
442.0
442.0
442.0
442.0
442.0
426.0
426.0
426.0
426.0
426.0
426.0
396.0
396.0
396.0
396.0
396.0
396.0
366.0
366.0
366.0
366.0
366.0
366.0
350.0
350.0
350.0
350.0
350.0
350.0
335.0
335.0
335.0
335.0
335.0
335.0
335.0
335.0
335.0
335.0
335.0
335.0
350.0
350.0
350.0
350.0
350.0
350.0
366.0
366.0
366.0
366.0
366.0
366.0
396.0
396.0
396.0
396.0
396.0
396.0
518.0
518.0
518.0
518.0
518.0
518.0
426.0
426.0
426.0
426.0
426.0
426.0
335.0
335.0
335.0
335.0
335.0
335.0
305.0
305.0
305.0
305.0
305.0
305.0
289.0
289.0
289.0
289.0
289.0
289.0
282.0
282.0
282.0
282.0
282.0
282.0
282.0
282.0
282.0
282.0
282.0
282.0
282.0
282.0
282.0
282.0
282.0
282.0
305.0
305.0
305.0
305.0
305.0
305.0
350.0
350.0
350.0
350.0
350.0
350.0
457.0
457.0
457.0
457.0
457.0
457.0
1030.0
1030.0
1030.0
1030.0
1030.0
1030.0
2635.0
2635.0
2635.0
2635.0
2635.0
2635.0
1813.0
1813.0
1813.0
1813.0
1813.0
1813.0
4813.0
4813.0
4813.0
4813.0
4813.0
4813.0
2711.0
2711.0
2711.0
2711.0
2711.0
2711.0
1752.0
1752.0
1752.0
1752.0
1752.0
1752.0